196	113
196	174
196	110
196	113
238	195
238	227
238	234
238	241
174	110
169	168
110	120
110	136
110	142
110	174
110	196
110	224
110	236
194	189
181	186
181	206
110	120
110	136
110	142
110	174
110	196
110	224
110	236
110	120
110	136
110	142
110	174
110	196
110	224
110	236
148	113
148	187
195	234
226	189
110	120
110	136
110	142
110	174
110	196
110	224
110	236
190	231
110	120
110	136
110	142
110	174
110	196
110	224
110	236
194	189
110	113
110	174
174	110
174	118
174	110
190	231
239	137
239	170
239	192
239	207
158	217
158	217
110	128
110	148
110	202
110	210
110	230
110	120
110	136
110	142
110	174
110	196
110	224
110	236
110	128
110	148
110	202
110	210
110	230
226	189
158	217
158	217
158	217
194	189
186	181
186	206
186	235
178	186
178	206
192	129
192	137
192	170
194	124
194	130
194	147
194	151
194	220
192	130
192	137
129	140
110	120
110	136
110	142
110	174
110	196
110	224
110	236
110	224
170	192
110	120
110	136
110	142
110	174
110	196
110	224
110	236
195	227
169	168
113	110
210	202
113	230
110	120
110	136
110	142
110	174
110	196
110	224
110	236
190	231
195	227
158	217
110	120
110	136
110	142
110	174
110	196
110	224
217	158
158	217
158	217
192	137
192	219
194	129
194	151
158	217
217	158
217	158
110	118
174	110
151	129
190	181
190	186
190	231
190	181
190	186
190	231
107	189
226	189
158	217
110	113
113	128
128	230
128	230
158	217
113	128
158	217
158	217
217	158
158	217
158	217
192	137
158	217
217	158
158	217
206	181
206	186
206	235
181	206
129	170
158	217
217	158
158	217
217	158
110	118
217	145
217	189
217	145
217	189
158	217
158	217
158	217
158	217
158	217
158	217
217	145
217	189
217	145
217	189
217	145
217	189
158	217
158	217
158	217
158	145
158	189
158	217
158	217
158	217
142	113
158	145
158	189
158	217
158	217
192	137
158	217
126	190
217	158
158	217
158	217
110	120
110	136
110	142
110	174
110	196
110	224
132	165
158	217
158	217
174	110
158	145
158	189
158	217
132	165
110	174
174	110
132	165
158	217
144	198
158	217
158	217
110	174
158	145
158	189
158	217
158	217
158	145
158	189
158	217
217	158
158	217
196	110
158	217
217	158
172	203
172	204
158	217
132	165
192	130
192	130
113	110
113	187
158	217
158	217
110	196
217	158
231	222
239	116
239	122
239	140
239	163
239	164
158	217
172	203
172	203
158	217
217	158
110	118
101	149
190	126
158	217
110	120
110	136
110	142
110	174
110	196
110	224
173	138
173	193
158	217
158	217
110	174
110	120
110	136
110	142
110	174
110	196
110	224
158	217
158	217
158	217
158	217
158	217
158	217
158	217
151	225
151	225
151	225
151	225
132	165
172	176
172	203
172	208
106	158
106	158
158	217
127	144
172	107
192	137
129	108
129	164
129	170
158	217
110	120
110	136
110	142
110	174
110	196
110	224
134	133
158	217
212	132
212	132
195	234
195	227
226	189
174	110
110	120
110	136
110	142
110	174
110	196
110	224
174	110
174	215
110	120
110	136
110	142
110	174
110	196
110	224
172	225
132	165
110	120
110	136
110	142
110	174
110	196
110	224
133	106
133	134
133	144
133	175
133	205
133	227
158	217
134	175
134	175
151	225
110	120
110	136
110	142
110	174
110	196
110	224
110	174
102	160
133	134
133	134
134	133
110	120
110	136
110	142
110	174
110	196
110	224
189	124
189	133
189	194
195	234
195	238
195	241
110	120
110	136
110	142
110	174
110	196
110	224
110	120
110	136
110	142
110	174
110	196
110	224
195	227
195	234
195	238
195	241
195	127
110	120
110	136
110	142
110	174
110	196
110	224
110	120
110	136
110	142
110	174
110	196
110	224
190	231
110	120
110	136
110	142
110	174
110	196
110	224
110	120
110	136
110	142
110	174
110	196
110	224
110	174
110	120
110	136
110	142
110	174
110	196
110	224
110	224
110	224
222	233
132	165
172	208
174	110
174	224
186	181
186	206
186	235
195	227
158	145
158	189
158	217
158	107
110	174
178	181
178	186
178	206
181	186
181	206
181	178
113	110
110	120
110	136
110	142
110	174
110	196
110	224
158	145
158	172
158	189
158	217
158	107
110	120
110	136
110	142
110	174
110	196
110	224
110	120
110	136
110	142
110	174
110	196
110	224
110	120
110	136
110	142
110	174
110	196
110	215
110	224
110	120
110	136
110	142
110	174
110	196
110	224
158	145
158	189
158	217
110	120
110	136
110	142
110	174
110	196
110	215
110	224
158	107
172	225
158	217
158	217
223	160
223	217
127	101
107	158
158	107
110	174
110	174
158	131
158	217
158	235
208	107
208	141
208	157
208	172
208	176
208	182
208	204
208	212
208	239
208	246
190	231
102	160
131	158
131	235
174	110
174	148
174	187
126	206
158	107
193	138
193	173
208	156
208	203
129	108
129	164
129	170
175	134
194	239
107	158
131	158
131	235
107	154
107	158
107	208
158	217
158	107
107	158
158	217
186	181
186	206
102	160
181	186
181	206
181	235
129	108
129	164
129	170
133	134
158	107
107	154
107	158
107	208
127	144
127	144
158	217
172	176
172	203
172	208
144	198
122	108
122	140
122	164
165	138
132	138
173	138
173	193
158	217
239	137
239	170
239	192
239	207
190	231
107	158
158	217
113	110
113	187
190	231
158	217
192	113
132	165
165	194
172	208
166	165
172	225
195	218
195	227
195	234
195	238
195	241
158	217
158	217
158	160
158	217
133	106
133	127
133	134
133	144
133	175
133	195
133	205
133	227
133	234
133	238
133	241
190	231
133	145
158	217
199	179
194	151
194	217
194	239
158	217
208	141
208	156
208	157
208	172
208	176
208	182
208	203
208	204
208	212
208	246
165	102
158	160
144	198
113	110
190	231
110	120
110	136
110	142
110	174
110	196
110	224
158	217
158	217
110	120
110	136
110	142
110	174
110	196
110	224
158	217
158	217
217	158
158	217
129	108
129	164
129	170
158	217
205	102
172	176
172	203
172	208
239	217
127	149
174	148
174	187
174	110
110	174
110	210
186	181
186	206
127	144
145	218
192	137
144	127
195	227
128	230
158	217
136	110
174	110
110	120
110	136
110	142
110	174
110	196
110	224
217	158
110	120
110	136
110	142
110	174
110	196
110	224
110	174
158	145
158	189
158	217
158	217
129	116
129	159
129	170
129	220
194	189
144	127
239	121
239	137
239	170
239	192
239	194
239	207
128	110
128	110
158	121
158	145
158	189
169	199
206	181
206	186
206	235
110	118
110	174
218	145
113	110
110	128
129	140
192	137
127	144
195	227
121	189
190	126
190	181
190	186
190	231
190	235
174	110
158	217
174	110
174	215
110	174
110	174
158	145
158	189
158	217
158	145
158	189
158	217
158	217
158	121
158	145
158	189
158	121
158	145
158	189
158	145
158	189
158	217
158	121
158	145
158	189
192	137
126	181
126	186
126	190
126	231
126	235
158	217
150	217
158	217
113	110
181	235
181	235
113	148
181	235
174	110
174	187
126	190
126	206
181	235
158	217
178	181
178	235
110	174
110	174
110	187
110	113
110	113
158	217
132	165
165	132
165	209
181	206
110	142
110	120
110	136
110	142
110	174
110	196
110	224
110	174
110	120
110	136
110	142
110	174
110	196
110	224
239	158
158	189
158	217
126	190
192	130
172	176
172	203
172	208
172	176
172	203
116	151
158	217
239	121
239	137
239	170
239	192
239	207
239	121
239	137
239	170
239	192
239	207
195	241
158	217
110	174
110	120
110	136
110	142
110	174
110	187
110	196
110	224
127	149
174	148
174	187
190	243
158	189
239	158
158	217
110	120
110	136
110	142
110	174
110	187
110	196
110	224
174	110
158	189
158	217
190	231
150	177
150	217
158	121
158	150
158	189
150	217
150	223
158	189
218	145
150	223
128	113
223	150
174	187
128	210
158	130
158	189
158	208
158	210
158	217
172	208
172	203
174	110
110	174
158	106
158	121
158	124
158	130
158	150
158	151
158	152
158	172
158	189
158	194
158	208
158	210
158	217
110	120
110	136
110	142
110	174
110	196
110	224
110	120
110	136
110	142
110	174
110	196
110	224
110	120
110	136
110	142
110	174
110	196
110	224
158	145
158	189
158	217
158	131
158	217
158	231
158	235
172	107
231	158
158	231
231	158
150	121
150	217
150	153
150	223
195	241
174	187
144	107
158	106
158	121
158	145
158	189
158	131
158	217
158	231
158	235
132	165
132	209
158	231
158	217
113	128
113	230
172	208
195	238
158	121
110	120
110	136
110	142
110	174
110	196
110	224
106	205
195	238
222	247
192	137
231	158
231	158
187	113
158	106
193	138
193	173
181	206
181	186
174	110
106	121
178	181
178	186
178	206
178	235
181	235
131	125
131	181
131	222
131	231
131	233
131	235
131	243
181	186
174	187
110	120
110	136
110	142
110	174
110	196
110	224
131	125
113	148
113	187
110	174
132	105
181	206
222	247
181	235
181	231
165	132
181	235
127	182
181	231
231	190
132	166
174	110
113	128
113	148
113	230
113	110
113	187
174	110
174	110
113	110
174	110
113	110
126	190
110	120
110	136
110	142
110	174
110	196
110	224
110	120
110	136
110	142
110	174
110	196
110	224
110	174
113	128
113	148
113	230
110	174
198	244
110	120
110	136
110	142
110	174
110	196
110	224
181	186
142	174
106	133
173	138
173	193
208	107
144	107
208	107
158	189
158	217
158	217
158	217
190	231
172	141
121	217
158	217
158	217
206	181
222	247
174	110
208	141
208	156
208	157
208	172
208	176
208	182
208	203
208	204
208	212
208	246
181	206
178	181
178	186
178	206
158	189
158	217
239	121
239	137
239	170
239	192
239	207
233	160
208	141
208	156
208	157
208	172
208	176
208	182
208	203
208	204
208	212
208	246
178	247
190	231
158	217
247	181
222	125
222	233
132	105
102	160
174	187
158	217
174	110
158	217
181	222
181	247
158	217
239	129
239	151
239	159
239	220
110	174
181	206
172	203
113	148
110	113
110	113
195	227
118	192
181	235
206	181
206	186
206	235
110	120
110	136
110	142
110	174
110	196
110	224
181	186
110	120
110	136
110	142
110	174
110	196
110	224
110	120
110	136
110	142
110	174
110	196
110	224
239	116
239	121
239	122
239	124
239	140
239	163
239	164
189	101
189	105
189	107
189	124
189	133
189	147
189	151
189	165
189	168
189	172
189	194
189	198
189	208
189	210
189	225
189	229
174	110
208	141
208	156
208	157
208	172
208	176
208	182
208	203
208	204
208	212
208	246
168	119
192	118
118	192
158	217
110	120
110	136
110	142
110	174
110	196
110	224
110	120
110	136
110	142
110	174
110	196
110	224
158	217
158	217
158	217
158	217
158	217
126	190
194	124
222	247
190	231
194	124
174	110
174	187
181	235
158	217
151	225
141	208
190	206
195	227
208	141
208	156
208	157
208	172
208	176
208	182
208	203
208	204
208	212
208	246
158	217
110	174
113	148
144	107
127	144
174	110
152	102
144	107
203	156
198	244
126	190
126	231
224	110
224	128
224	174
224	230
224	110
224	128
224	174
224	230
107	144
181	186
181	206
181	235
217	121
217	150
217	158
195	227
195	234
195	238
195	241
239	107
152	102
195	227
127	144
144	107
113	128
113	148
113	230
181	186
174	187
222	247
113	148
174	110
217	158
208	156
208	176
208	203
208	141
208	156
208	157
208	172
208	176
208	182
208	203
208	204
208	212
208	246
160	102
160	125
160	133
160	145
160	150
160	152
160	153
160	172
160	177
160	189
160	217
160	218
160	226
160	233
110	120
110	136
110	142
110	174
110	196
110	224
127	198
127	144
152	181
174	110
150	158
150	217
160	102
160	125
160	133
160	145
160	150
160	152
160	153
160	172
160	177
160	189
160	217
160	218
160	226
160	233
150	158
150	217
217	150
217	158
181	206
181	186
204	156
110	174
110	120
110	136
110	142
110	174
110	196
110	224
121	106
121	133
121	145
121	150
121	158
121	217
174	110
110	142
145	160
222	247
181	152
195	241
195	241
233	160
233	218
174	187
152	181
181	152
190	231
190	231
134	106
244	144
110	120
110	136
110	142
110	174
110	196
110	224
121	217
121	239
235	181
121	217
121	239
190	126
190	131
190	231
190	235
174	187
181	186
181	206
181	235
110	120
110	136
110	142
110	174
110	196
110	224
190	231
110	120
110	136
110	142
110	174
110	196
110	224
181	186
181	206
181	186
181	235
181	235
181	186
181	186
181	186
181	206
110	120
110	136
110	142
110	174
110	196
110	224
190	231
190	235
106	131
106	133
106	153
181	206
181	206
169	229
174	187
110	120
110	136
110	142
110	174
110	196
110	224
116	168
131	125
131	222
131	231
131	235
152	145
174	110
131	125
131	222
131	231
131	235
131	247
178	181
178	186
178	206
178	181
178	186
174	110
230	128
206	181
206	186
206	235
181	186
181	186
181	131
118	106
181	178
118	192
178	181
133	106
110	174
110	174
190	231
174	110
131	181
110	120
110	136
110	142
110	174
110	196
110	224
174	110
110	120
110	136
110	142
110	174
110	196
110	224
239	121
239	137
239	170
239	192
239	207
239	121
239	129
239	151
239	159
239	220
239	116
239	121
239	122
239	124
239	140
239	163
239	164
186	126
186	181
186	190
186	206
186	231
186	235
186	243
195	227
181	186
145	226
193	112
151	124
172	203
165	209
235	247
212	202
174	110
168	119
165	105
110	174
174	187
190	231
133	106
144	127
152	189
127	143
174	110
148	113
195	241
174	110
174	110
174	113
110	120
110	136
110	142
110	174
110	196
110	224
152	145
194	165
194	124
110	120
110	136
110	142
110	174
110	196
110	224
110	120
110	136
110	142
110	174
110	196
110	224
150	217
165	209
152	194
169	168
160	105
160	107
160	121
160	131
160	194
160	231
160	235
158	121
158	150
158	217
110	174
110	113
121	158
194	165
208	141
208	156
208	157
208	172
208	176
208	182
208	203
208	204
208	212
208	246
208	141
208	156
208	157
208	172
208	176
208	182
208	203
208	204
208	212
208	246
174	148
174	187
110	118
113	110
152	241
145	102
145	189
223	158
134	133
158	106
158	150
158	217
158	223
181	235
210	202
194	124
158	106
158	121
158	150
158	217
110	113
222	247
121	158
121	106
121	118
121	158
150	158
121	158
173	117
173	117
121	217
174	110
174	113
110	118
113	128
113	230
174	110
113	110
174	187
110	136
150	177
106	153
192	130
168	119
129	108
129	164
129	170
127	144
133	106
133	109
133	134
133	144
133	175
133	205
133	227
192	137
110	174
158	106
158	150
174	110
110	187
172	203
121	158
121	158
121	158
121	158
121	158
181	235
181	186
181	231
158	121
121	158
181	231
150	121
150	158
121	150
121	158
158	107
174	187
116	169
121	118
181	186
181	206
181	235
181	243
206	181
192	130
181	235
192	130
192	137
189	139
189	199
189	220
121	150
121	217
121	150
121	217
174	187
158	145
158	150
158	189
158	217
121	217
169	116
169	168
107	144
107	208
206	181
206	186
206	235
178	181
178	186
178	206
178	235
127	238
107	158
208	141
208	156
208	157
208	172
208	176
208	182
208	203
208	204
208	212
208	246
168	119
174	110
107	189
192	130
121	158
127	144
127	198
178	181
195	227
208	107
174	187
238	195
238	227
238	234
238	241
101	149
127	144
121	217
121	217
121	217
121	106
121	150
121	217
121	158
121	217
121	217
150	177
121	158
121	106
121	158
192	137
150	217
127	144
105	166
208	141
208	156
208	157
208	172
208	176
208	182
208	203
208	204
208	212
208	246
110	120
110	136
110	142
110	174
110	196
110	224
235	181
144	127
134	175
193	112
174	187
168	208
127	144
110	174
110	142
181	235
181	235
144	127
144	198
121	217
110	174
181	235
229	169
150	145
150	177
186	181
128	210
128	230
128	113
227	195
113	110
113	187
125	178
125	181
125	186
125	206
125	235
125	243
169	229
110	174
121	158
150	145
150	153
150	177
150	189
150	233
121	106
121	133
121	150
121	217
118	121
172	146
173	193
181	206
110	120
110	136
110	142
110	174
110	196
110	224
181	206
174	110
226	218
186	126
186	181
186	190
186	206
186	231
186	235
186	243
112	193
110	174
110	120
110	136
110	142
110	174
110	196
110	224
113	148
128	110
181	186
195	241
174	110
195	227
195	234
195	238
195	241
151	194
127	144
206	181
206	235
235	206
174	187
127	244
110	174
133	106
133	109
133	127
133	134
133	144
133	175
133	195
133	205
133	227
133	234
133	238
133	241
110	120
110	136
110	142
110	174
110	196
110	224
150	177
192	130
192	137
150	223
127	244
121	217
163	116
163	147
163	151
163	220
244	157
116	176
127	144
107	197
110	174
121	217
174	110
125	178
125	181
125	186
125	206
125	235
125	243
195	241
192	219
174	110
110	211
105	138
105	166
174	110
174	110
128	110
128	215
128	230
129	170
129	170
110	174
174	110
127	144
195	241
128	110
128	215
128	230
207	194
110	120
110	136
110	142
110	174
110	196
110	224
181	235
148	113
148	128
121	217
230	113
230	128
110	120
110	136
110	142
110	174
110	196
110	224
148	113
148	128
230	113
230	128
222	247
132	165
121	217
181	235
129	164
178	181
178	186
178	206
178	235
174	110
206	181
206	186
206	235
127	144
194	124
194	130
194	147
194	151
194	220
121	150
121	217
110	174
174	187
150	177
196	110
150	177
230	113
230	128
230	113
230	128
150	223
150	121
150	217
181	235
222	247
121	217
121	158
126	190
126	231
126	235
192	130
192	137
113	148
190	126
227	195
227	234
227	241
126	181
126	190
126	231
126	235
121	217
150	223
133	153
165	132
152	226
128	113
165	105
165	132
165	166
165	184
165	209
126	181
126	190
126	231
126	235
107	158
150	223
158	121
127	244
150	145
174	215
127	244
127	198
127	244
144	127
194	130
194	192
168	119
121	158
121	158
121	158
127	198
127	244
152	102
126	181
126	190
126	231
126	235
106	158
192	194
165	105
165	132
165	166
165	184
165	209
124	220
231	190
170	129
121	106
195	238
121	217
208	156
208	157
208	203
208	212
121	158
101	189
173	138
173	193
110	174
121	150
121	158
121	217
208	203
158	121
223	102
223	133
223	145
223	150
223	153
223	177
223	188
223	189
223	218
223	233
158	121
207	194
133	145
133	150
208	141
208	156
208	157
208	172
208	176
208	182
208	203
208	204
208	212
208	246
208	141
208	156
208	157
208	172
208	176
208	182
208	203
208	204
208	212
208	246
127	144
113	110
121	217
121	158
121	158
158	121
158	150
158	217
121	189
158	121
158	150
158	189
158	217
126	181
126	181
126	190
126	231
126	235
222	247
173	117
208	141
208	156
208	157
208	172
208	176
208	182
208	203
208	204
208	212
208	246
151	194
127	144
127	183
158	121
158	150
158	189
158	217
128	230
113	148
174	110
128	210
129	108
129	164
129	170
233	218
233	222
174	110
208	156
208	203
190	243
128	230
128	230
158	121
158	150
158	189
158	217
128	230
128	230
222	247
121	217
121	158
217	121
217	150
217	158
217	158
145	218
121	217
195	238
121	106
190	231
174	113
174	187
102	145
102	218
174	187
133	150
174	110
177	101
177	102
177	105
177	107
177	108
177	115
177	118
177	119
177	121
177	124
177	125
177	129
177	130
177	132
177	138
177	145
177	147
177	150
177	151
177	153
177	156
177	157
177	165
177	168
177	170
177	172
177	173
177	182
177	189
177	193
177	194
177	198
177	203
177	204
177	208
177	210
177	211
177	212
177	218
177	221
177	222
177	223
177	225
177	226
177	229
177	233
177	248
177	251
165	132
172	106
150	194
152	150
106	158
181	235
181	206
222	247
222	247
150	158
150	217
152	145
177	152
177	172
177	217
177	226
158	121
158	150
158	189
158	217
217	121
217	150
217	158
194	124
172	182
172	246
150	158
110	120
110	136
110	142
110	174
110	196
110	224
174	187
110	120
110	136
110	142
110	174
110	196
110	224
150	158
150	152
206	181
206	186
206	235
217	150
158	106
158	110
158	121
158	219
110	120
110	136
110	142
110	174
110	196
110	224
121	217
121	106
121	158
121	106
110	120
110	136
110	142
110	174
110	196
110	224
190	231
195	127
127	144
150	217
150	233
127	144
190	231
169	209
127	144
110	174
217	158
223	102
223	133
223	145
223	150
223	153
223	177
223	188
223	189
223	218
223	233
181	126
181	206
181	235
181	186
181	206
181	206
181	206
181	235
177	102
177	125
177	133
177	145
177	150
177	152
177	153
177	172
177	189
177	217
177	218
177	222
177	226
177	233
106	133
106	133
106	121
121	106
121	217
121	158
121	150
121	217
217	150
217	150
223	102
223	133
223	145
223	150
223	153
223	177
223	188
223	189
223	218
223	233
121	106
156	107
186	181
152	150
158	121
158	121
150	217
217	150
217	150
187	113
233	218
233	222
174	110
174	110
174	113
174	128
110	120
110	136
110	142
110	174
110	196
110	224
110	120
174	187
121	158
110	174
121	158
174	110
158	121
158	217
217	150
190	231
151	129
158	121
158	217
199	111
199	135
199	141
199	204
199	208
199	225
199	229
199	246
128	210
190	231
190	126
129	108
129	164
129	170
208	202
208	219
107	198
110	174
158	106
158	121
158	217
158	121
158	217
128	210
158	121
158	150
158	189
158	217
222	247
225	143
225	146
225	179
225	199
225	245
131	181
131	186
169	173
151	145
169	173
217	158
121	150
121	158
121	189
121	217
181	152
244	157
152	145
116	204
121	158
116	143
193	112
193	138
121	150
121	158
121	189
121	217
116	204
198	107
116	143
116	143
116	143
199	143
126	181
126	235
126	247
116	143
116	143
128	113
198	107
174	187
127	195
194	189
208	101
208	135
208	141
208	156
208	157
208	162
208	172
208	176
208	182
208	203
208	204
208	212
208	246
174	110
116	143
199	116
116	199
158	217
170	129
222	247
158	121
158	217
129	170
113	110
128	230
128	110
121	158
121	217
233	125
233	131
233	145
233	177
233	222
233	231
158	217
158	121
158	216
144	127
144	198
121	106
121	133
121	150
121	217
150	152
144	127
158	217
110	174
110	174
110	120
110	136
110	142
110	174
110	196
110	224
145	133
145	102
158	121
158	217
110	120
110	136
110	142
110	174
110	196
110	224
116	199
225	143
225	146
225	179
225	199
225	245
126	178
126	206
128	113
128	174
168	119
178	181
178	186
178	206
178	235
126	178
158	121
158	217
181	186
168	116
244	157
244	240
174	110
244	157
244	240
117	111
117	228
128	113
128	174
116	168
121	158
121	217
128	210
126	181
126	235
126	247
181	126
110	174
128	230
208	141
208	156
208	157
208	172
208	176
208	182
208	203
208	204
208	212
208	246
198	107
128	210
121	158
116	168
133	145
116	168
127	149
189	133
189	158
174	110
192	118
126	178
174	110
130	192
158	121
158	150
158	189
158	217
181	186
226	173
121	158
121	217
121	217
121	217
121	217
158	121
204	156
116	159
116	207
181	235
121	217
126	178
126	206
121	217
172	208
110	120
110	136
110	142
110	174
110	196
110	224
122	140
128	230
121	217
203	149
195	227
195	234
195	238
195	241
205	150
205	153
110	120
110	136
110	142
110	174
110	196
110	224
181	186
230	128
174	110
158	121
128	230
121	150
121	217
121	217
121	217
150	121
150	217
150	231
150	233
192	137
158	121
158	150
158	189
158	217
128	230
231	190
121	134
192	130
192	137
128	230
217	121
217	158
128	230
128	230
128	230
233	125
233	131
233	222
233	231
190	231
190	231
158	121
128	230
128	230
178	125
178	181
178	206
178	222
178	243
158	121
136	110
136	120
136	142
136	174
136	196
136	224
158	121
158	150
158	189
158	217
158	121
158	150
158	217
158	121
158	150
158	189
158	217
145	150
145	177
121	158
121	158
206	181
206	186
206	235
222	247
222	247
127	144
126	190
150	145
181	186
208	141
208	156
208	157
208	172
208	176
208	182
208	203
208	204
208	212
208	246
116	176
107	158
107	208
217	150
217	158
121	217
121	217
174	110
212	246
121	150
121	217
208	141
208	156
208	157
208	172
208	176
208	182
208	203
208	204
208	212
208	246
127	244
190	235
107	158
121	158
121	158
121	217
174	110
110	136
181	206
129	108
129	164
129	170
186	181
186	206
121	217
217	121
121	158
121	150
121	217
129	108
129	164
129	170
127	244
121	217
158	121
158	121
158	107
158	150
158	217
158	121
158	217
121	158
121	158
121	158
217	150
129	170
107	158
116	141
116	176
116	204
110	174
121	158
121	106
121	134
143	189
121	217
113	110
113	174
113	196
198	107
198	144
198	240
173	193
113	110
113	174
113	196
121	150
121	158
121	189
121	217
144	127
198	107
198	107
121	106
121	150
121	158
121	217
174	110
127	144
194	121
194	217
194	147
145	102
226	218
226	251
226	251
230	128
122	140
165	225
199	135
208	141
208	156
208	157
208	172
208	176
208	182
208	203
208	204
208	212
208	246
195	227
158	121
158	121
143	189
194	124
194	130
194	151
194	159
194	207
194	220
178	181
121	158
121	239
208	135
208	141
208	156
208	157
208	172
208	176
208	182
208	203
208	204
208	212
208	246
121	217
121	217
198	244
199	225
186	181
186	206
181	186
173	112
173	138
121	194
121	217
121	217
192	137
152	102
217	121
217	150
226	189
181	206
110	120
110	136
110	142
110	174
110	196
110	224
181	206
181	235
110	120
110	136
110	142
110	174
110	196
110	224
158	121
158	217
222	125
222	235
222	247
158	121
158	121
158	217
206	181
206	186
206	235
186	181
186	206
127	144
227	195
251	189
251	194
251	226
208	141
208	156
208	157
208	172
208	176
208	182
208	203
208	204
208	212
208	246
222	247
128	113
170	129
192	137
170	129
195	227
195	234
195	238
195	241
174	110
192	137
186	126
186	181
186	235
205	150
158	121
158	217
158	217
121	217
190	231
181	235
217	150
126	181
126	186
126	235
168	119
110	120
110	136
110	142
110	174
110	196
110	224
227	234
144	127
195	227
129	108
129	164
129	170
186	126
186	181
186	235
110	120
110	136
110	142
110	174
110	196
110	224
130	192
106	158
106	217
158	121
158	217
158	121
226	218
121	158
121	217
178	181
178	206
178	243
235	247
208	141
208	156
208	157
208	172
208	176
208	182
208	203
208	204
208	212
208	246
158	217
158	121
158	150
222	247
121	158
121	158
121	158
121	217
158	121
158	121
158	217
113	230
194	130
194	192
158	217
158	121
158	150
158	189
158	217
190	231
238	195
238	227
238	241
192	137
217	158
158	217
150	102
150	133
150	145
150	153
150	189
150	218
150	233
177	205
133	205
150	145
150	153
150	189
145	189
217	121
217	158
208	107
208	135
208	141
208	156
208	157
208	172
208	176
208	182
208	203
208	204
208	212
208	246
172	229
199	135
129	108
129	164
129	170
121	217
121	217
222	247
192	130
192	159
198	144
121	158
198	244
174	110
174	196
106	133
158	106
158	150
158	217
115	101
115	135
115	161
115	162
164	170
127	244
127	144
127	244
161	101
161	189
174	110
198	144
195	227
195	234
195	238
195	241
189	218
127	244
158	121
192	137
158	121
158	121
222	247
222	247
158	121
158	150
158	189
158	217
127	144
127	244
190	181
190	186
181	197
181	235
150	145
150	145
190	231
106	150
193	112
106	133
126	206
106	150
106	217
127	183
208	107
208	135
208	141
208	156
208	157
208	172
208	176
208	182
208	203
208	204
208	212
208	246
165	102
127	183
128	230
244	127
244	144
244	198
222	247
222	247
199	111
199	135
199	141
199	204
199	208
199	225
199	229
199	246
132	165
106	217
134	175
128	230
135	115
135	149
135	161
135	162
135	193
135	204
164	129
164	140
164	170
172	208
192	130
194	124
194	130
194	147
194	151
194	159
194	207
194	220
198	107
198	107
198	107
127	183
110	120
110	136
110	142
110	174
110	196
110	224
189	102
189	226
110	120
110	136
110	142
110	174
110	196
110	224
198	107
158	121
158	150
158	189
158	217
198	107
198	240
192	137
194	130
194	192
110	120
110	136
110	142
110	174
110	196
110	224
165	101
165	132
107	198
193	112
193	138
138	112
138	193
158	121
158	217
198	144
144	127
206	181
206	186
206	197
206	235
128	113
128	230
190	126
199	225
222	247
153	205
121	217
158	121
158	150
158	189
158	217
231	125
231	190
121	158
251	124
251	130
251	151
251	194
251	220
121	194
241	132
241	165
241	194
241	227
172	176
172	208
190	231
128	113
128	230
158	121
158	150
158	189
158	217
198	107
198	240
158	106
158	121
158	150
158	217
189	194
121	189
121	217
144	198
192	137
195	234
195	238
127	144
110	120
110	136
110	142
110	174
110	196
110	224
110	174
158	121
158	145
158	150
158	189
158	217
194	189
194	189
106	205
165	101
190	231
192	130
192	251
121	158
121	150
121	158
121	189
121	217
217	121
217	150
217	158
193	112
158	121
158	150
181	197
181	206
199	146
247	235
129	108
129	164
129	170
181	197
247	235
247	235
181	197
181	206
164	129
164	170
181	235
152	145
195	227
195	234
195	238
195	241
194	189
164	129
164	170
222	247
222	247
158	121
116	168
158	106
158	118
158	121
158	150
158	172
158	189
158	217
158	219
197	181
246	208
158	121
222	247
190	126
190	231
110	120
110	136
110	142
110	174
110	196
110	224
110	120
110	136
110	142
110	174
110	196
110	224
241	132
241	165
241	194
241	227
165	209
222	247
158	121
158	145
158	150
158	189
158	217
117	169
208	107
208	135
208	141
208	156
208	157
208	172
208	176
208	182
208	203
208	204
208	212
208	246
190	231
190	126
190	231
121	217
158	121
158	150
158	217
158	107
194	189
110	120
110	136
110	142
110	174
110	196
110	224
110	120
110	136
110	142
110	174
110	196
110	224
126	190
107	158
150	217
234	227
107	198
150	217
125	222
217	189
217	194
217	189
217	194
181	206
108	129
116	176
181	197
194	251
127	144
144	240
116	176
158	107
181	235
158	235
208	107
208	135
208	141
208	156
208	157
208	172
208	176
208	182
208	203
208	204
208	212
208	246
158	235
110	120
110	136
110	142
110	174
110	196
110	224
158	107
208	107
208	135
208	141
208	156
208	157
208	172
208	176
208	182
208	203
208	204
208	212
208	246
210	208
110	120
110	136
110	142
110	174
110	196
110	224
198	240
198	244
198	144
108	163
158	217
158	217
156	141
156	204
156	208
169	151
116	208
244	157
244	240
165	105
165	132
165	166
165	184
165	209
165	166
247	235
247	222
247	222
121	217
158	217
181	186
181	197
240	157
240	198
240	244
131	190
158	217
158	121
158	150
158	217
158	107
144	127
142	224
190	231
190	231
190	231
121	217
186	181
186	197
186	206
186	235
217	189
190	231
107	198
110	120
110	136
110	142
110	174
110	196
110	224
121	217
181	131
181	186
181	235
165	166
165	209
212	202
212	208
212	219
116	208
208	202
208	210
208	219
107	208
247	235
222	247
106	153
131	190
131	233
222	247
127	244
158	121
158	150
158	217
110	120
110	136
110	142
110	174
110	196
110	224
107	198
121	158
158	121
121	158
121	158
244	144
121	106
158	121
244	198
198	244
121	217
181	197
181	206
217	121
241	132
241	165
190	231
110	174
208	107
208	135
208	141
208	156
208	157
208	172
208	176
208	182
208	203
208	204
208	212
208	246
110	174
158	121
158	150
158	217
113	128
113	215
210	202
117	169
117	173
125	235
127	244
110	174
186	181
186	190
186	243
150	223
198	107
222	247
240	107
240	198
198	240
110	174
158	217
116	176
247	222
181	235
181	243
181	247
158	121
158	217
173	104
173	111
173	117
173	139
173	167
173	169
173	171
173	229
173	248
173	250
193	138
190	231
198	144
106	133
106	153
128	210
128	230
158	121
158	145
158	150
158	189
158	217
234	227
231	126
231	190
158	121
158	217
195	238
195	241
206	181
206	186
206	197
198	240
193	112
193	135
193	204
198	107
198	240
158	121
158	217
107	172
158	107
125	222
107	158
158	121
158	150
158	217
181	125
181	131
181	197
181	222
181	235
181	243
158	107
181	186
107	198
107	172
107	208
107	198
158	121
158	145
158	150
158	189
158	217
199	111
199	135
199	141
199	204
199	208
199	225
199	229
199	246
158	121
158	145
158	150
158	189
158	217
158	121
158	145
158	150
158	189
158	217
158	121
158	145
158	150
158	189
158	217
233	145
233	150
217	158
168	119
186	126
186	181
186	190
186	243
131	125
131	181
131	222
131	231
131	233
131	235
158	217
110	120
110	136
110	142
110	174
110	196
110	224
217	121
217	150
217	158
192	137
227	195
227	234
227	238
227	241
107	240
153	106
153	131
153	133
110	174
110	120
110	136
110	142
110	174
110	196
110	224
107	198
181	197
181	206
181	235
190	231
102	145
161	101
227	238
131	133
153	131
153	133
133	131
107	172
158	107
158	121
158	217
158	107
206	181
122	124
190	131
194	124
194	130
194	151
194	159
194	207
194	220
181	235
194	130
195	241
158	121
158	217
101	135
101	149
101	161
101	162
233	177
206	181
206	186
206	197
206	235
113	148
233	177
192	130
198	240
110	142
158	121
158	150
158	217
192	137
158	121
158	150
158	217
192	137
192	137
119	169
158	150
158	217
158	121
158	217
127	183
158	121
158	150
158	217
126	181
126	235
181	186
181	186
181	197
181	206
181	235
116	176
142	110
190	126
126	190
126	231
190	231
222	247
222	125
222	235
222	247
222	247
122	164
194	225
107	198
158	121
158	217
127	183
181	235
217	150
158	217
158	217
158	217
247	222
197	181
217	121
217	150
217	158
197	181
247	235
186	181
186	190
247	235
217	158
240	244
158	217
125	222
125	235
125	247
130	159
130	192
130	159
130	192
158	150
110	174
240	157
240	244
158	121
158	217
190	186
110	174
128	110
102	218
110	196
150	218
243	247
158	121
158	145
158	150
158	189
158	217
133	106
133	134
133	205
181	197
181	206
158	121
158	150
158	217
192	137
192	137
158	121
158	150
158	217
212	157
212	208
127	183
158	121
158	217
247	222
247	222
128	113
181	186
181	206
110	174
208	182
208	107
208	172
157	208
157	212
150	145
150	217
125	131
125	235
150	177
125	131
125	235
117	171
107	198
150	177
166	105
166	132
166	165
166	184
166	209
198	107
102	145
135	101
135	115
135	161
135	162
135	193
135	204
134	106
106	134
134	106
227	195
158	150
158	217
244	157
231	131
231	131
195	134
169	173
128	113
128	230
117	167
196	174
198	240
198	244
128	113
183	127
169	173
203	208
240	198
240	244
217	150
125	233
105	184
127	183
240	157
116	176
198	240
193	173
208	107
208	135
208	141
208	156
208	157
208	172
208	176
208	182
208	203
208	204
208	212
208	246
158	217
107	208
206	125
206	181
206	235
107	198
181	206
231	131
198	107
138	132
138	165
138	166
138	184
138	209
150	145
150	177
193	112
240	157
227	238
226	152
226	189
222	247
107	220
222	247
203	172
189	205
105	184
107	198
107	189
189	226
189	107
118	192
243	242
113	148
117	167
158	121
158	150
158	217
107	189
192	118
118	192
192	118
131	125
131	222
222	125
222	131
247	222
186	125
186	131
226	189
158	121
158	150
158	217
217	106
217	133
158	217
227	238
158	217
110	113
110	120
110	128
110	136
110	142
110	148
110	174
110	196
110	224
110	230
134	175
238	227
128	113
227	238
128	113
226	189
192	137
192	137
192	137
189	101
189	105
189	107
189	124
189	147
189	151
189	165
189	168
189	172
189	194
189	198
189	208
189	210
189	225
189	229
105	147
190	231
181	186
186	181
153	131
247	235
110	174
110	113
110	120
110	128
110	136
110	142
110	148
110	174
110	196
110	224
110	230
127	183
222	247
158	106
158	121
158	150
158	217
206	190
127	183
165	138
127	144
217	121
217	150
217	158
127	183
222	247
158	121
158	217
126	178
105	184
128	210
206	126
158	217
158	121
158	150
158	121
158	150
158	217
138	132
138	165
138	166
138	184
138	209
194	124
194	189
189	124
189	194
194	189
222	247
126	181
222	247
222	247
130	159
130	192
189	194
189	101
189	105
189	107
189	111
189	124
189	130
189	139
189	143
189	147
189	151
189	165
189	169
189	172
189	176
189	184
189	194
189	208
189	209
189	220
189	225
189	229
189	240
150	177
247	235
217	150
125	233
217	121
172	176
172	208
208	107
208	135
208	141
208	156
208	157
208	172
208	176
208	182
208	203
208	204
208	212
208	246
181	197
181	235
181	243
208	202
208	210
208	219
208	107
208	135
208	141
208	156
208	157
208	172
208	176
208	182
208	203
208	204
208	212
208	246
243	181
243	235
217	145
217	189
135	193
135	204
159	130
231	243
222	247
127	144
247	235
235	247
153	106
153	106
244	157
158	121
251	115
244	240
131	190
131	231
131	233
193	112
159	130
128	113
181	186
158	121
158	145
158	150
158	189
158	217
190	231
181	197
158	121
158	217
158	150
113	148
195	227
195	234
195	238
195	241
181	186
134	216
174	148
174	187
128	215
128	230
181	186
186	181
231	190
181	197
181	206
192	130
206	181
107	198
148	113
174	187
194	210
247	235
181	186
247	186
217	177
176	152
192	194
152	176
181	235
192	137
192	130
128	210
190	231
128	215
128	230
181	197
158	121
158	145
158	150
158	189
158	217
190	231
231	190
144	198
187	148
210	194
138	132
138	165
138	166
138	184
138	209
158	121
158	150
158	217
230	128
217	158
101	135
135	204
181	235
183	127
145	102
194	251
105	145
247	235
247	222
206	181
206	186
206	197
206	235
127	183
194	251
241	195
241	227
241	234
241	238
194	124
194	130
194	151
194	207
194	220
204	135
183	127
243	181
243	197
243	235
238	241
106	133
235	181
235	197
235	243
158	121
158	217
204	116
129	108
129	164
129	170
165	104
234	195
234	227
234	238
234	241
194	130
206	243
208	212
208	172
194	130
107	189
194	130
208	107
208	135
208	141
208	156
208	157
208	172
208	176
208	182
208	203
208	204
208	212
208	246
135	101
190	231
198	240
198	244
198	240
107	208
183	127
192	130
244	157
127	183
125	233
204	208
189	107
238	241
198	107
107	198
167	117
178	181
178	243
192	137
195	227
198	107
222	247
234	241
190	231
113	128
113	148
158	217
138	132
138	165
138	166
138	184
138	209
144	198
193	112
203	176
203	176
203	176
158	106
158	121
158	150
158	217
121	217
158	121
158	150
158	217
