137 192
194 121
170 129
223 133
190 231
190 231
121 158
121 217
150 121
150 217
121 158
121 217
107 198
107 240
227 195
133 223
110 120
110 136
110 142
110 174
110 196
110 224
107 240
223 133
247 186
110 120
110 136
110 142
110 174
110 196
110 224
244 157
244 240
227 195
186 247
238 195
238 227
238 241
241 238
227 195
145 105
247 222
208 176
208 203
203 212
158 121
158 217
227 195
105 145
158 121
158 150
158 217
247 235
208 204
102 145
165 138
210 176
158 121
158 150
158 217
227 195
222 247
227 195
110 120
110 136
110 142
110 174
110 196
110 224
110 120
110 136
110 142
110 174
110 196
110 224
128 174
128 174
158 121
110 120
110 136
110 142
110 174
110 196
110 224
218 251
227 195
190 231
125 233
227 195
210 176
144 198
107 189
110 120
110 136
110 142
110 174
110 196
110 224
117 171
130 137
190 231
247 222
131 133
247 222
240 144
240 244
158 121
158 150
158 217
235 181
235 186
235 197
235 206
240 107
240 244
158 121
158 150
158 217
107 240
158 121
144 198
189 107
107 189
121 158
231 181
231 186
231 190
231 206
231 247
158 121
121 158
158 121
222 247
190 231
138 132
138 165
138 166
138 184
138 209
197 235
227 195
227 234
158 121
158 217
158 121
158 150
158 217
150 205
116 141
116 157
116 176
116 203
116 208
181 197
181 197
181 186
181 197
208 157
208 176
208 141
208 157
208 176
208 182
208 203
208 204
208 246
186 181
189 143
208 107
208 135
208 141
208 156
208 157
208 172
208 176
208 182
208 203
208 204
208 212
208 246
231 190
128 251
234 195
234 227
234 238
234 241
158 121
247 222
133 106
133 134
133 205
158 106
143 189
134 175
227 195
158 121
158 217
128 202
128 210
128 230
244 240
218 152
218 226
208 116
135 193
135 204
116 208
247 222
247 222
107 240
158 107
195 227
227 195
135 193
135 204
135 208
208 156
208 107
208 135
208 141
208 156
208 157
208 172
208 176
208 182
208 203
208 204
208 212
208 246
208 116
208 141
208 157
208 176
208 203
165 105
165 132
165 166
165 184
128 202
128 210
128 230
158 121
158 145
158 150
158 189
158 217
134 130
222 247
195 227
181 197
197 181
247 235
208 116
208 116
244 144
244 198
158 121
158 145
158 150
158 189
158 217
158 121
158 145
158 150
158 189
158 217
138 132
138 165
138 166
138 184
138 209
158 106
208 107
208 135
208 141
208 156
208 157
208 172
208 176
208 182
208 203
208 204
208 212
208 246
240 198
129 170
226 152
226 218
121 217
121 217
181 235
181 197
204 116
158 121
158 217
235 131
235 181
235 243
244 157
244 240
128 113
128 110
144 107
244 157
244 240
217 121
217 150
217 158
126 181
226 223
235 247
128 110
234 195
234 238
234 241
241 195
241 227
241 234
241 238
186 247
110 174
212 157
115 135
208 212
247 186
110 120
110 136
110 142
110 174
110 196
110 224
241 132
241 165
247 222
157 219
234 195
234 227
234 238
234 241
152 218
158 217
121 217
121 158
243 231
234 241
107 198
190 181
190 206
190 231
224 110
224 120
224 136
224 142
224 174
224 196
193 138
193 173
108 177
110 120
110 136
110 142
110 174
110 196
110 224
138 132
138 165
138 166
138 184
138 209
227 195
224 110
224 120
224 136
224 142
224 174
224 196
158 121
158 150
158 217
247 222
208 202
224 110
224 120
224 136
224 142
224 174
224 196
224 110
224 120
224 136
224 142
224 174
224 196
230 210
230 219
116 141
116 157
116 176
116 208
121 217
121 217
121 217
121 217
169 248
105 138
152 218
157 208
128 113
128 113
241 234
247 222
121 217
189 145
199 111
199 135
199 141
199 204
199 208
199 225
199 229
199 246
241 132
241 165
193 173
208 107
133 134
133 144
133 175
247 222
127 144
189 102
189 125
189 145
189 226
235 181
186 235
127 144
222 247
231 243
138 132
138 165
138 166
138 184
138 209
121 217
121 217
130 159
121 217
121 217
198 107
243 235
121 217
206 181
206 186
206 197
206 235
238 227
218 226
222 247
217 121
217 145
217 150
217 189
217 194
234 195
234 227
234 238
234 241
144 198
217 177
226 102
226 133
226 145
226 150
226 153
226 177
226 189
226 218
226 222
226 233
222 247
158 106
226 177
158 107
198 144
158 121
158 217
226 101
226 105
226 108
226 111
226 124
226 129
226 130
226 132
226 135
226 137
226 138
226 139
226 141
226 143
226 146
226 147
226 149
226 151
226 157
226 159
226 161
226 162
226 163
226 164
226 165
226 166
226 170
226 172
226 173
226 176
226 182
226 183
226 184
226 189
226 192
226 193
226 199
226 207
226 209
226 220
226 225
226 228
226 229
226 245
226 251
247 222
247 222
144 198
247 222
198 107
241 234
150 217
150 217
198 107
150 226
198 144
238 195
238 227
238 241
138 132
138 165
138 166
138 184
138 209
241 234
241 234
226 150
181 186
247 222
247 222
247 222
247 222
194 251
121 158
158 121
158 121
158 121
158 150
158 217
181 178
121 158
121 158
121 158
121 158
158 121
189 102
190 231
126 190
126 231
190 231
165 105
165 132
165 166
165 184
165 209
222 226
222 247
227 195
189 226
234 227
121 217
105 165
217 150
121 217
227 195
227 234
107 198
198 107
198 240
195 227
198 107
227 180
247 222
197 181
234 227
121 217
121 217
190 231
121 217
121 158
190 125
110 174
158 121
234 238
234 238
122 108
122 124
122 163
122 220
121 158
234 195
158 121
194 151
194 218
194 251
158 121
158 150
158 217
158 219
153 131
153 133
231 126
231 190
243 231
181 126
181 190
181 197
181 206
181 231
181 235
181 243
133 153
158 107
181 235
183 143
181 190
181 186
209 165
165 209
178 181
178 243
178 181
198 240
127 183
227 238
189 145
238 227
144 198
241 234
195 227
107 189
198 240
127 198
195 227
231 126
231 190
121 217
240 141
247 235
229 225
241 195
241 234
241 238
217 150
189 133
189 143
189 194
189 226
192 137
247 186
181 178
181 178
197 181
181 197
181 206
138 132
138 165
138 166
138 184
138 209
181 197
181 206
181 197
222 247
247 222
247 222
165 102
165 102
158 107
158 121
209 165
183 127
143 225
233 177
231 233
217 150
102 165
102 165
227 195
227 195
117 229
195 227
197 181
158 121
158 150
158 217
158 121
158 150
158 217
144 127
247 125
247 181
247 186
158 121
158 217
181 186
158 121
125 233
125 235
186 181
186 235
186 247
126 206
134 175
166 165
186 247
159 130
121 217
189 205
195 227
158 121
158 217
186 247
144 127
105 138
222 247
227 195
129 140
129 164
129 170
190 231
132 166
247 181
247 186
127 183
186 235
150 172
166 132
166 165
166 209
193 112
193 138
138 132
138 165
138 166
138 184
138 209
238 195
238 227
238 241
247 222
116 107
227 195
121 158
121 158
121 217
121 106
121 158
158 121
121 217
121 189
121 217
231 125
208 107
208 135
208 141
208 156
208 157
208 172
208 176
208 182
208 203
208 204
208 212
208 246
193 138
150 217
190 126
190 181
190 231
189 107
231 125
231 190
198 107
231 233
158 121
158 150
158 217
243 131
208 107
208 156
208 157
208 172
208 176
208 182
208 203
208 204
208 212
208 246
178 181
178 235
158 121
158 217
175 144
246 208
227 238
158 217
235 125
166 184
244 157
244 198
244 240
177 108
157 208
125 222
102 189
113 128
113 230
208 157
157 208
158 121
158 121
150 177
226 149
226 156
229 208
229 225
113 128
113 230
150 121
150 217
181 235
233 222
233 247
121 106
121 158
121 217
158 121
158 217
190 126
190 181
190 206
190 231
241 195
241 227
241 234
241 238
208 229
125 231
150 121
150 217
247 125
247 131
247 222
247 231
247 235
158 121
158 150
158 217
113 128
113 230
127 144
157 219
229 208
183 127
127 183
102 165
150 121
150 217
181 197
102 189
110 113
198 144
186 235
186 247
195 238
144 198
231 125
121 106
131 181
131 235
131 243
121 158
165 102
125 231
165 104
144 198
166 111
166 165
166 169
166 209
198 107
133 189
189 133
127 183
138 132
138 165
138 166
138 184
138 209
181 131
181 235
247 222
138 132
138 165
138 166
138 184
138 209
158 121
121 106
121 158
121 217
121 217
208 141
208 157
208 165
208 176
208 204
208 246
158 121
121 106
121 158
121 217
231 125
231 190
121 217
121 158
158 121
107 116
227 195
116 107
227 195
190 231
216 118
246 199
195 238
197 206
107 198
165 105
165 132
165 166
165 184
165 209
227 195
121 150
121 217
121 158
158 217
158 121
113 128
113 174
138 166
138 166
227 195
169 248
165 105
165 132
158 121
158 150
158 217
165 111
105 138
238 195
238 227
238 241
226 225
199 111
199 135
199 141
199 204
199 208
199 225
199 229
199 246
128 113
234 238
181 178
181 190
193 138
193 173
138 132
138 165
138 166
138 184
138 209
193 138
193 173
181 197
181 206
107 158
107 169
233 145
223 177
121 217
121 217
121 158
121 217
208 107
208 156
208 157
208 172
208 176
208 182
208 203
208 204
208 212
208 246
206 181
206 186
206 197
206 235
208 107
208 156
208 157
208 172
208 176
208 182
208 203
208 204
208 212
208 246
246 157
246 204
246 208
246 212
197 181
190 231
197 181
107 208
165 209
166 105
166 184
208 107
158 107
158 106
208 107
208 156
208 157
208 172
208 176
208 182
208 203
208 204
208 212
208 246
122 124
192 137
158 121
110 174
110 230
107 172
107 198
107 208
110 120
110 136
110 142
110 174
110 196
110 224
230 110
170 129
181 235
121 217
121 150
121 217
121 217
121 217
176 208
105 189
198 107
198 240
198 244
174 110
174 128
174 230
198 107
113 128
113 230
212 107
212 132
212 135
212 138
212 141
212 146
212 156
212 157
212 172
212 176
212 180
212 182
212 184
212 193
212 202
212 203
212 204
212 208
212 219
212 225
212 229
212 246
198 107
198 144
110 120
110 136
110 142
110 174
110 196
110 224
198 240
198 107
138 132
138 165
138 166
138 184
138 209
193 212
189 107
190 231
150 233
181 197
176 172
176 203
176 208
194 124
194 189
106 205
106 153
189 102
222 150
126 190
126 231
102 189
199 225
190 231
190 231
173 250
250 173
173 138
173 193
227 195
227 195
170 129
190 126
198 144
208 176
181 197
181 206
156 157
156 204
156 208
178 181
178 243
208 107
173 250
161 101
194 189
102 145
197 181
197 222
197 235
197 243
197 247
105 138
174 110
174 120
174 142
174 187
174 224
158 121
158 150
158 217
244 157
244 240
121 158
158 121
198 240
198 244
121 158
158 121
110 174
244 157
244 240
198 107
208 107
208 156
208 157
208 172
208 176
208 182
208 203
208 204
208 212
208 246
198 144
241 234
193 173
193 199
193 225
189 194
144 107
144 198
194 189
178 181
178 243
247 131
198 144
105 138
194 130
194 134
246 182
198 240
198 157
192 130
192 137
247 131
227 195
158 121
158 217
226 225
217 189
118 174
158 121
121 158
138 132
138 165
138 166
138 184
138 209
158 107
222 247
127 183
247 222
189 217
144 107
144 198
118 174
135 193
135 204
125 222
238 227
227 238
181 197
181 206
189 105
198 144
198 240
198 240
144 198
105 189
198 240
189 105
204 202
105 189
153 145
153 177
240 198
227 195
227 195
195 227
227 195
227 234
158 121
247 222
247 222
131 178
131 181
131 190
131 235
107 198
110 120
110 136
110 142
110 174
110 196
110 224
131 181
247 125
247 131
247 222
247 235
227 238
217 150
181 197
198 240
192 130
121 158
130 159
130 192
130 159
130 192
178 131
178 181
178 190
227 238
192 137
208 107
208 156
208 157
208 172
208 176
208 182
208 203
208 204
208 212
208 246
131 181
131 243
227 195
198 144
158 121
110 120
110 136
110 142
110 174
110 196
110 224
241 234
144 107
144 198
158 121
181 206
144 107
144 198
117 171
189 102
105 138
131 109
131 153
112 193
197 181
197 222
197 235
197 243
197 247
117 171
131 178
131 181
131 190
131 235
247 235
193 112
193 135
158 121
158 150
158 217
217 150
181 235
181 206
190 231
158 121
158 217
138 132
138 165
138 166
138 184
138 209
127 144
144 107
144 198
144 240
144 107
144 198
144 240
110 120
110 136
110 142
110 174
110 196
110 224
110 120
110 136
110 142
110 174
110 196
110 224
217 150
222 181
222 197
222 235
246 199
208 204
222 247
222 247
204 208
222 247
222 247
158 121
158 217
208 107
240 157
251 124
197 181
197 222
197 235
227 195
127 183
107 208
121 217
217 150
206 197
102 145
208 107
208 156
208 157
208 172
208 176
208 182
208 203
208 204
208 212
208 246
240 144
158 107
208 107
240 144
101 171
217 121
209 165
144 127
208 107
208 156
208 157
208 172
208 176
208 182
208 203
208 204
208 212
208 246
208 157
208 176
208 203
157 208
208 157
157 176
209 139
204 135
172 176
172 208
110 174
131 125
131 222
131 231
131 233
108 163
127 144
127 144
158 121
158 217
222 125
238 195
238 227
238 234
238 241
231 125
238 227
208 143
144 107
144 240
217 121
217 150
158 121
158 217
231 131
240 198
240 107
240 157
153 133
116 176
231 190
116 176
158 107
161 101
161 115
161 135
161 139
161 149
161 162
195 227
158 121
158 217
110 120
110 136
110 142
110 174
110 196
110 224
158 217
144 107
217 121
138 132
138 165
138 166
138 184
138 209
227 234
227 234
133 106
133 134
144 127
110 120
110 136
110 142
110 174
110 196
110 224
121 189
121 217
131 235
222 125
130 251
157 141
141 157
141 208
222 247
222 247
125 222
206 126
206 178
105 166
222 125
197 181
144 107
144 198
181 197
181 206
195 227
195 234
240 144
192 137
144 240
127 183
247 222
247 181
247 197
247 222
222 125
153 177
153 205
251 138
222 247
247 222
222 247
153 205
251 130
130 251
247 125
247 222
144 240
181 247
247 222
240 244
240 244
141 157
233 125
233 222
141 157
222 125
222 247
192 137
217 150
166 105
217 121
141 156
247 222
156 141
156 141
126 181
169 111
234 238
234 238
156 204
240 198
177 150
177 217
222 247
247 222
165 188
241 234
165 132
188 165
132 165
144 240
138 132
138 165
138 166
138 184
138 209
110 120
110 136
110 142
110 174
110 196
110 224
181 197
181 206
181 197
181 206
247 222
247 222
141 157
110 120
110 136
110 142
110 174
110 196
110 224
158 121
157 141
227 195
198 107
198 240
198 244
206 181
206 186
206 197
206 235
198 244
158 121
158 150
158 217
206 181
121 217
198 107
247 222
193 143
107 189
107 198
195 227
195 234
195 238
195 241
110 120
110 136
110 142
110 174
110 196
110 224
186 181
186 197
186 206
217 150
121 217
157 141
161 177
175 194
156 208
194 175
156 141
110 120
110 136
110 142
110 174
110 196
110 224
217 121
217 150
217 158
234 195
234 227
234 238
234 241
198 107
234 195
234 227
234 238
234 241
150 145
198 107
150 153
110 120
110 136
110 142
110 174
110 196
110 224
175 194
110 120
110 136
110 142
110 174
110 196
110 224
197 109
197 181
197 222
197 235
192 137
138 132
138 165
138 166
138 184
138 209
127 183
158 181
158 186
158 235
158 243
110 120
110 136
110 142
110 174
110 196
110 224
158 107
158 121
158 150
158 217
110 120
110 136
110 142
110 174
110 196
110 224
197 109
197 181
197 222
197 235
158 121
158 217
158 150
158 217
181 186
181 243
181 197
150 145
150 153
150 177
153 106
181 247
128 230
131 125
190 231
165 105
165 132
165 166
165 184
165 209
105 165
183 127
178 181
107 198
235 247
204 240
112 193
235 247
235 181
121 217
217 121
121 217
105 138
107 158
121 217
193 112
193 135
241 195
243 181
217 121
234 195
234 227
234 238
234 241
227 234
227 195
105 138
131 125
131 233
247 235
198 144
127 183
247 181
198 121
198 240
204 208
173 229
181 178
208 202
208 219
181 235
121 217
235 181
181 235
181 197
181 206
157 141
127 144
147 130
152 105
178 181
178 247
139 101
139 161
139 165
158 150
158 217
247 125
247 235
133 106
133 134
158 107
158 121
158 150
158 217
234 195
234 227
234 238
234 241
106 133
138 173
138 193
205 106
121 217
147 251
235 186
139 165
102 168
209 180
165 139
158 121
168 102
197 181
117 245
238 195
238 227
238 234
238 241
144 198
158 121
102 133
181 178
233 125
233 131
161 139
197 181
241 234
234 195
234 227
234 238
234 241
127 144
225 101
225 165
225 208
225 229
101 139
202 210
202 219
156 208
144 127
131 125
131 233
158 121
158 150
158 217
227 238
192 137
217 121
217 150
217 158
197 181
192 137
175 134
138 132
138 165
138 166
138 184
138 209
169 229
127 144
226 150
208 107
208 156
208 157
208 172
208 176
208 182
208 203
208 204
208 212
208 246
197 235
223 102
223 133
223 145
223 150
223 153
223 177
223 188
223 189
223 218
223 233
197 243
208 107
208 156
208 157
208 172
208 176
208 182
208 203
208 204
208 212
208 246
158 121
110 120
110 136
110 142
110 174
110 196
110 224
131 109
110 120
110 136
110 142
110 174
110 196
110 224
165 184
222 247
222 247
117 171
222 226
189 145
189 188
226 150
206 181
198 240
209 166
198 240
107 198
240 198
158 121
158 217
138 173
138 193
178 181
178 235
165 209
217 121
217 158
158 121
158 217
240 198
240 144
102 189
144 127
144 240
189 102
102 189
222 233
115 101
235 247
231 243
176 172
227 234
234 195
234 227
234 238
234 241
234 195
234 227
234 238
234 241
247 125
247 222
247 235
247 235
247 125
247 222
247 235
241 227
222 247
247 222
222 247
247 222
235 178
235 181
131 106
131 106
198 107
244 157
121 217
121 158
158 121
204 208
192 137
158 106
158 121
158 150
158 217
121 158
128 113
128 230
117 169
117 229
158 121
138 132
138 165
138 166
138 184
138 209
181 197
181 206
153 106
158 107
131 106
131 153
194 192
158 121
227 195
227 234
227 238
227 241
130 192
130 251
158 121
208 199
208 199
124 108
124 163
124 194
124 220
126 181
178 181
178 247
107 158
158 107
178 177
107 158
247 235
240 157
107 198
235 247
181 235
181 186
181 197
181 206
181 235
158 107
181 235
181 235
158 107
139 145
158 121
158 217
158 107
166 105
166 111
166 132
166 165
166 209
247 181
247 206
247 222
247 235
206 247
138 166
247 206
166 138
166 138
176 208
247 222
119 110
119 230
106 153
131 106
131 153
131 243
105 189
247 235
130 194
116 176
116 220
194 130
189 105
189 165
181 247
240 198
181 197
247 181
183 127
227 195
241 234
102 218
233 125
233 131
227 195
198 240
227 238
102 145
192 137
197 181
241 234
121 158
224 110
224 120
224 136
224 142
224 174
224 196
181 186
197 181
231 190
222 247
231 190
102 145
247 222
110 174
110 174
110 174
131 125
131 153
131 233
131 235
173 104
173 167
153 125
153 131
153 233
153 235
189 107
102 177
251 134
121 106
121 217
231 190
224 110
224 120
224 136
224 142
224 174
224 196
121 217
189 150
231 222
150 145
150 177
150 218
150 217
121 106
121 217
121 217
121 150
116 119
116 168
233 125
233 131
233 153
233 235
227 195
189 150
107 189
189 107
189 107
231 222
227 195
102 145
102 218
158 121
158 107
158 121
158 150
158 217
125 131
125 235
178 206
102 145
102 218
131 125
131 235
186 181
186 235
218 102
102 218
240 244
102 218
127 144
134 106
235 125
235 131
131 125
197 109
197 181
197 222
197 235
116 107
189 205
107 198
121 150
244 240
102 218
231 222
231 247
231 125
121 217
235 247
162 135
189 145
102 218
111 169
189 218
231 190
121 158
156 204
247 235
121 158
158 121
208 225
121 158
192 137
235 247
234 195
121 152
181 235
128 113
128 113
193 112
121 106
102 218
172 229
195 241
189 102
189 102
102 218
204 199
105 138
192 137
161 101
127 107
128 230
241 195
195 241
195 241
247 186
158 121
121 158
158 121
241 195
121 217
139 229
107 158
235 125
182 141
182 157
182 204
182 246
158 107
138 173
247 222
197 181
222 247
181 197
229 139
110 120
110 136
110 142
110 174
110 196
110 224
238 234
172 101
158 107
178 235
127 183
198 107
198 157
198 240
241 195
186 181
186 231
186 235
138 132
138 165
138 166
138 184
138 209
110 120
110 136
110 142
110 174
110 196
110 224
150 145
163 194
183 127
166 229
193 138
235 178
231 150
206 181
206 235
117 104
227 238
206 181
113 187
127 144
206 181
206 186
206 197
206 235
198 107
102 218
121 106
121 158
227 195
108 124
121 217
121 106
121 158
183 127
198 107
198 141
198 208
198 240
117 167
225 101
225 165
225 208
225 229
126 197
121 217
106 133
102 218
106 133
226 218
102 218
102 218
148 110
148 174
148 187
174 148
107 198
227 195
181 197
227 195
139 189
138 173
158 121
193 112
181 197
121 194
227 195
158 121
150 223
193 112
193 199
199 193
107 169
107 176
197 186
197 206
124 194
107 198
106 133
217 121
217 150
217 158
247 222
125 235
198 107
198 240
198 107
198 107
195 227
195 234
195 238
195 241
107 198
195 227
195 234
133 106
197 181
102 189
102 189
198 157
240 157
240 244
208 107
208 156
208 157
208 172
208 176
208 182
208 203
208 204
208 212
208 246
121 217
178 126
251 143
251 194
251 226
234 195
234 238
113 128
113 148
113 230
113 128
113 148
113 230
241 195
241 227
241 234
241 238
226 143
226 189
226 218
226 173
226 251
224 136
224 136
102 189
165 101
165 208
165 225
165 229
189 145
223 150
208 165
158 121
208 101
208 165
208 225
208 229
208 107
208 156
208 157
208 172
208 176
208 182
208 203
208 204
208 212
208 246
208 107
208 156
208 157
208 172
208 176
208 182
208 203
208 204
208 212
208 246
208 107
208 141
208 156
208 157
208 176
208 182
208 203
208 204
208 246
181 197
181 206
197 181
224 120
224 120
190 231
222 131
107 198
222 247
121 106
121 158
121 217
121 106
121 158
121 217
107 198
217 150
190 181
190 231
158 106
158 121
158 217
247 181
198 107
198 141
198 157
198 208
198 240
107 158
107 198
247 235
198 107
110 120
110 136
110 142
110 174
110 196
110 224
158 107
235 247
112 193
198 240
102 218
195 227
247 235
158 150
158 217
227 195
127 238
208 165
158 107
158 107
178 181
178 243
198 107
117 250
107 158
222 131
158 107
126 231
238 127
110 120
110 136
110 142
110 174
110 196
110 224
110 174
206 181
206 186
206 197
206 235
197 206
188 189
188 233
133 106
241 195
166 132
166 105
117 167
235 181
195 144
195 227
110 174
158 150
158 217
158 107
158 121
158 217
121 217
193 143
177 150
121 217
193 143
241 127
241 195
218 145
218 177
121 217
144 107
144 198
241 234
247 222
231 125
231 181
231 235
217 121
217 150
217 158
106 133
106 153
106 189
106 218
241 195
138 132
138 165
138 166
138 184
138 209
158 106
158 121
158 217
193 221
192 130
167 117
110 120
110 136
110 142
110 174
110 196
110 224
193 221
193 221
158 106
158 121
158 217
158 150
150 158
110 120
110 136
110 142
110 174
110 196
110 224
175 134
165 143
165 132
101 149
222 131
105 138
125 233
217 121
217 150
217 158
240 244
235 186
235 247
195 241
135 193
135 204
204 208
193 135
234 241
117 167
117 171
186 235
186 235
186 247
195 134
195 144
195 227
195 241
122 163
101 135
101 135
222 233
192 137
138 173
138 193
105 184
128 113
149 115
149 135
195 127
222 131
164 122
162 135
238 195
238 227
238 234
238 241
195 134
195 144
195 227
195 241
186 181
186 235
110 120
110 136
110 142
110 174
110 196
110 224
105 138
138 105
117 167
117 171
247 235
195 127
195 241
195 241
121 158
127 144
121 217
121 158
199 179
121 217
233 222
138 132
138 165
138 166
138 184
138 209
168 225
166 248
158 121
158 217
121 158
158 121
176 143
193 221
193 221
110 174
110 174
110 174
128 230
110 174
222 131
165 102
166 132
166 165
166 209
173 104
173 111
173 117
173 139
173 167
173 169
173 171
173 229
173 248
173 250
105 165
233 222
222 233
233 177
217 121
217 150
217 158
227 195
181 197
181 206
181 186
186 181
195 241
241 234
173 138
165 143
158 217
227 195
138 173
195 134
195 144
195 227
195 241
241 234
208 101
132 143
241 132
241 165
102 218
227 195
227 241
227 195
227 241
190 126
143 132
132 143
134 195
134 195
195 134
195 144
195 227
195 241
152 205
108 124
108 220
152 205
183 127
101 135
143 132
132 143
158 121
158 217
186 181
186 190
186 231
186 235
186 243
132 143
158 121
192 137
205 152
105 184
190 231
107 158
158 107
107 208
204 135
107 158
158 107
192 137
158 121
222 131
198 107
198 107
222 131
208 107
222 131
208 101
107 208
121 217
241 132
241 165
222 131
225 143
107 198
198 107
192 137
107 198
121 158
247 125
143 132
195 134
195 144
195 227
195 241
198 107
158 107
198 240
138 132
138 165
138 166
138 184
138 209
181 197
181 206
181 235
144 127
153 106
153 133
127 144
193 221
193 221
110 113
110 113
110 174
150 145
150 153
150 177
110 142
110 196
165 102
105 165
142 110
121 217
206 197
208 173
117 171
143 132
227 195
227 234
227 241
197 181
132 165
165 132
184 105
158 150
158 217
241 234
241 132
241 165
195 134
195 144
195 227
195 241
205 152
222 233
222 226
241 234
187 148
158 121
158 217
107 198
166 184
198 107
198 240
198 244
217 158
190 131
190 181
190 231
126 181
112 193
121 158
144 127
121 217
227 234
235 247
186 235
117 248
187 148
158 217
158 217
138 132
138 165
138 166
138 184
138 209
190 231
181 235
181 197
117 111
117 169
117 173
117 229
181 186
158 121
158 150
158 217
121 150
121 158
121 217
158 121
121 217
110 120
110 136
110 142
110 174
110 196
110 224
110 120
110 136
110 142
110 174
110 196
110 224
193 221
121 217
121 217
132 165
132 165
235 181
143 189
233 222
233 247
107 198
125 231
121 158
107 158
227 238
135 204
204 135
204 135
204 135
229 225
165 132
165 132
246 199
158 107
158 121
158 217
158 219
165 132
246 199
121 217
217 121
177 145
177 150
177 153
121 217
143 176
102 218
143 132
158 121
192 137
206 181
206 186
206 197
206 235
250 173
161 101
161 135
197 181
121 158
121 158
121 217
107 158
241 132
241 165
182 208
182 246
241 134
121 217
158 107
158 121
158 107
208 156
208 203
186 181
186 235
192 137
138 173
138 193
186 181
186 235
121 217
247 222
198 107
121 158
186 181
186 235
138 132
138 165
138 166
138 184
138 209
158 121
158 217
158 121
158 150
158 217
158 249
113 230
247 222
241 195
247 222
247 222
158 121
247 222
222 131
247 222
150 153
222 247
222 131
190 231
181 186
181 197
181 206
189 145
189 249
107 158
186 181
186 235
193 173
121 189
107 220
109 131
234 241
193 112
181 206
222 125
241 234
241 234
241 234
241 234
217 121
217 150
217 158
247 222
244 198
244 240
173 117
181 186
198 144
240 157
240 244
198 240
107 208
110 174
208 107
208 141
208 156
208 157
208 176
208 182
208 203
208 204
208 246
238 241
179 146
158 107
150 177
248 169
181 197
181 235
198 240
235 181
195 241
195 134
195 144
195 227
195 241
107 158
158 107
208 107
135 204
247 222
234 241
110 128
204 135
143 225
241 234
241 238
121 217
222 247
188 189
188 233
188 249
121 217
128 113
190 181
190 235
158 121
105 138
195 134
117 173
195 134
195 144
195 227
195 241
121 217
158 217
121 158
121 217
131 109
110 174
186 235
249 189
138 132
138 165
138 166
138 184
138 209
106 205
227 195
227 234
227 238
227 241
222 233
110 174
108 220
192 137
190 131
190 231
222 131
172 101
194 134
173 176
173 246
173 141
173 157
173 172
173 176
173 182
173 204
173 208
173 246
222 247
247 222
186 235
235 247
222 247
193 112
192 137
109 131
183 127
134 122
134 194
247 222
247 233
117 167
117 250
145 188
194 134
194 122
194 134
222 131
145 188
158 121
115 135
250 117
227 241
227 241
121 217
195 227
195 234
195 238
195 241
227 241
208 176
198 107
198 240
134 122
134 194
131 222
158 121
129 122
129 140
129 192
227 241
227 241
227 241
194 124
132 165
222 131
195 227
195 234
195 238
195 241
198 107
198 240
107 198
231 181
231 190
198 107
195 134
195 144
195 227
195 241
194 134
198 107
198 240
121 217
105 138
244 157
244 240
247 186
190 231
240 244
195 127
190 181
190 231
244 240
186 247
247 186
195 134
195 144
195 227
195 241
190 231
247 222
138 132
138 165
138 166
138 184
138 209
190 126
102 218
110 224
166 105
166 132
166 165
166 184
166 209
124 108
124 163
124 194
124 220
166 169
169 116
192 130
121 217
121 217
190 231
204 173
132 143
105 138
190 131
190 231
204 173
222 131
166 248
193 173
227 241
130 192
234 195
234 227
234 238
234 241
109 131
227 241
231 126
231 190
157 141
222 247
152 233
186 247
125 233
111 184
165 189
247 222
222 247
117 173
186 235
227 195
227 234
227 241
101 161
165 209
173 156
173 203
173 208
222 247
227 195
227 195
161 101
227 195
222 131
222 125
222 131
222 131
121 217
121 158
158 121
131 109
190 231
158 121
121 217
121 217
153 133
173 203
128 230
247 125
247 131
247 222
247 231
247 235
128 230
188 102
188 125
188 133
188 150
188 153
188 177
188 189
188 218
188 222
188 223
188 226
188 233
188 249
178 126
178 206
178 126
178 206
132 165
165 209
169 107
169 111
169 143
169 165
169 166
169 176
169 209
169 220
169 229
169 248
229 169
138 132
138 165
138 166
138 184
138 209
233 125
233 222
233 231
195 134
195 144
195 227
195 241
233 231
188 102
188 125
188 133
188 150
188 153
188 177
188 189
188 218
188 222
188 223
188 226
188 233
188 249
189 105
189 107
189 124
189 147
189 151
189 161
189 165
189 168
189 172
189 194
189 208
189 210
189 225
189 229
222 125
222 233
158 121
158 150
158 217
110 174
110 196
222 125
128 230
153 223
222 233
222 247
241 234
121 217
173 141
173 157
173 172
173 176
173 204
173 208
173 246
208 176
222 131
135 204
222 178
222 247
158 107
135 204
204 135
127 144
127 240
240 127
240 144
143 189
189 143
121 217
249 145
158 121
158 217
166 209
135 204
158 121
204 135
121 158
238 195
238 227
238 234
238 241
203 173
173 203
203 173
121 217
158 107
121 217
166 152
166 165
166 184
166 209
158 121
158 217
132 165
204 208
135 193
193 135
135 193
192 137
135 193
135 204
247 222
241 134
127 144
138 132
138 165
138 166
138 184
138 209
205 189
138 132
138 165
138 166
138 184
138 209
138 132
138 165
138 166
138 184
138 209
195 134
150 249
158 217
110 174
217 158
178 181
178 243
230 113
113 230
247 222
222 247
222 131
222 247
222 247
110 120
110 136
110 142
110 174
110 196
110 224
142 224
222 131
181 178
121 217
217 150
222 247
121 217
121 158
244 107
222 131
227 241
121 217
153 133
121 217
121 189
121 217
222 247
121 217
127 144
127 240
121 158
240 244
143 189
121 217
193 112
222 131
105 184
113 128
113 174
222 131
222 131
203 173
203 173
121 231
121 217
247 222
125 231
222 247
105 184
117 167
144 240
203 173
117 167
203 173
222 233
222 131
222 131
226 145
226 188
125 222
138 132
138 165
138 166
138 184
138 209
222 233
150 217
222 131
222 233
128 110
128 113
128 174
128 230
222 131
222 233
226 145
223 150
105 101
105 161
121 217
121 158
188 145
188 233
188 249
121 158
173 203
173 208
203 173
188 145
188 233
188 249
162 135
198 107
235 181
235 186
130 194
130 251
150 188
150 223
181 186
181 197
181 206
198 244
244 157
222 109
112 173
112 193
222 109
167 229
244 157
244 240
190 231
235 247
129 122
129 124
129 164
129 220
195 227
195 234
195 238
195 241
195 227
195 234
195 238
195 241
139 101
133 106
133 109
133 127
133 134
133 144
133 175
133 195
133 205
133 227
133 234
133 238
133 241
101 161
131 109
105 145
208 225
166 105
166 184
129 140
129 164
208 225
208 225
227 234
165 132
222 247
208 176
158 107
190 231
158 217
158 121
218 145
218 189
208 173
149 135
109 131
131 109
109 181
109 235
235 109
235 243
218 133
158 217
193 221
161 101
102 145
176 156
195 241
130 192
130 251
222 131
158 217
193 104
193 117
193 139
193 167
193 169
193 171
193 229
193 248
193 250
138 166
209 184
135 149
173 141
173 156
173 157
173 172
173 176
173 182
173 203
173 204
173 208
173 246
121 217
188 189
188 233
188 249
188 233
188 249
204 135
161 184
105 161
121 217
133 106
133 134
133 205
227 234
161 101
161 135
161 139
161 229
227 195
227 195
165 189
172 146
234 195
234 227
234 238
234 241
161 139
245 177
139 165
158 217
227 195
247 235
203 173
247 235
235 247
234 195
234 227
234 238
234 241
229 208
229 225
152 102
222 233
127 238
193 138
193 173
193 112
139 245
173 203
166 105
166 132
166 165
166 184
166 209
226 251
150 188
150 223
156 204
166 105
166 184
166 209
166 105
166 184
115 162
222 131
125 222
222 125
186 247
193 138
193 173
250 177
110 174
198 107
107 198
158 121
128 110
198 107
193 173
247 235
121 130
121 217
197 181
116 208
110 120
110 136
110 142
110 174
110 196
110 224
198 107
182 173
158 121
166 105
166 165
166 209
217 121
208 116
146 145
116 208
235 247
208 116
245 145
128 230
128 113
247 222
107 198
138 132
138 165
138 166
138 184
138 209
181 235
189 183
113 187
193 111
193 169
181 235
193 104
193 111
193 117
193 139
193 167
193 169
193 171
193 229
193 248
193 250
222 131
205 133
181 197
181 206
181 235
197 181
198 107
110 120
110 136
110 142
110 174
110 196
110 224
222 233
222 247
130 121
121 217
121 130
121 150
121 217
222 131
222 131
233 222
173 193
131 222
233 145
222 131
176 172
222 247
246 208
131 222
222 131
193 138
193 173
138 173
138 193
131 222
107 208
121 158
208 219
194 134
208 173
227 234
241 195
241 227
227 234
227 241
235 109
144 127
197 186
197 206
217 121
217 150
217 158
130 251
188 233
188 249
181 197
181 235
231 125
134 195
195 134
135 204
227 234
198 107
167 229
247 222
134 195
166 105
222 247
244 157
244 240
157 244
247 222
244 157
222 247
157 244
244 157
244 240
240 198
192 130
222 247
158 121
222 131
227 234
125 233
158 121
208 107
208 141
208 156
208 157
208 172
208 176
208 182
208 203
208 204
208 246
145 245
235 181
150 145
150 153
150 177
150 188
150 223
198 107
238 195
238 227
238 234
238 241
150 177
181 235
235 109
172 101
172 229
161 101
161 135
161 139
161 149
193 138
193 173
238 195
238 227
238 234
238 241
198 107
194 251
127 144
178 206
130 251
105 138
178 181
178 186
178 235
175 134
178 181
178 186
178 235
113 128
181 235
216 121
144 127
102 145
181 235
121 158
198 240
138 165
247 222
150 217
127 183
193 111
193 117
193 139
193 167
193 169
193 171
193 229
193 248
193 250
193 111
193 169
189 145
107 158
222 247
166 184
166 209
206 109
206 126
206 181
206 186
206 190
206 197
206 243
121 217
121 158
102 145
183 189
234 195
234 227
234 238
234 241
198 240
198 244
107 121
198 107
144 127
240 107
240 198
198 107
198 240
192 130
217 121
102 145
130 192
198 107
134 189
181 197
161 145
101 135
222 247
101 139
101 161
157 173
173 157
105 166
113 128
240 198
134 189
130 194
130 251
181 235
181 206
226 101
226 208
226 225
226 229
247 235
247 235
235 247
197 181
197 186
247 235
189 134
231 126
231 190
247 235
205 153
134 189
193 138
193 173
150 145
150 153
150 177
150 188
150 223
186 181
186 197
189 145
208 107
208 182
153 205
133 106
133 134
133 205
145 161
161 101
161 139
181 235
208 156
208 173
208 203
235 181
161 145
195 241
197 181
121 217
197 181
204 246
206 197
132 165
128 110
128 113
128 174
198 107
195 134
195 144
195 227
195 241
208 225
190 126
190 231
231 125
233 145
194 220
113 110
208 172
121 217
107 208
172 145
181 186
113 128
113 148
113 230
229 167
188 233
188 249
198 107
102 150
181 197
102 145
166 138
173 107
173 116
173 198
173 202
173 219
173 240
187 148
240 198
240 244
198 173
125 233
217 121
217 150
217 158
206 126
206 181
206 235
218 133
206 181
206 197
145 172
206 181
206 186
206 197
206 235
135 149
135 162
135 193
193 135
190 231
135 156
222 247
132 165
109 181
109 235
109 243
217 102
217 145
217 177
217 189
217 194
217 249
150 145
150 177
195 134
195 144
195 227
195 241
186 109
186 181
186 190
186 235
186 243
218 145
238 195
238 227
238 234
238 241
190 231
150 145
150 153
150 177
150 188
150 223
150 145
150 189
222 131
181 109
181 186
181 190
181 235
181 243
221 193
221 193
188 233
188 249
131 125
131 181
131 235
197 109
197 181
197 235
121 217
217 189
189 150
158 121
126 181
126 231
126 235
222 247
205 106
222 247
205 133
205 133
222 233
203 208
190 231
121 158
248 139
168 119
173 208
235 125
235 131
235 181
131 235
209 166
189 226
109 131
109 181
109 197
109 235
109 243
173 198
158 217
235 131
222 247
173 193
222 247
158 121
217 121
217 158
226 189
158 121
158 217
235 109
175 134
121 158
121 217
222 247
222 125
222 131
222 231
222 235
241 238
235 109
235 131
235 181
235 197
235 243
202 208
121 158
121 217
183 127
121 158
128 215
109 181
109 235
109 243
205 106
158 121
227 195
107 198
107 198
125 233
208 107
208 182
149 135
135 149
149 135
135 149
238 227
113 128
113 230
234 127
234 183
240 157
240 244
227 234
121 217
233 222
246 208
150 145
150 177
175 134
151 225
247 233
178 181
178 243
189 227
208 107
208 141
208 156
208 157
208 172
208 176
208 182
208 203
208 204
208 246
110 103
110 120
110 136
110 142
110 174
110 196
110 224
135 115
135 149
135 162
135 204
158 217
231 190
128 215
134 175
188 189
188 233
188 249
208 173
190 231
188 233
188 249
227 234
175 134
190 231
109 181
109 235
109 243
181 235
221 193
190 231
221 193
109 235
195 134
195 144
195 227
195 241
241 195
175 134
208 141
208 156
208 157
208 172
208 176
208 182
208 203
208 204
208 246
227 234
208 173
208 246
208 156
121 217
110 103
110 120
110 136
110 142
110 174
110 196
110 224
217 121
138 132
138 165
138 166
138 184
138 209
158 121
158 217
189 226
226 189
217 121
217 150
217 189
217 249
159 129
105 111
105 165
105 169
105 209
105 229
105 248
192 130
192 137
192 159
121 217
246 208
217 121
217 150
165 138
138 165
222 125
222 247
235 109
235 181
235 243
222 233
247 222
217 121
217 150
217 158
247 235
231 125
121 217
209 139
188 150
158 217
113 128
247 222
235 247
168 119
247 235
151 225
195 134
195 144
195 227
195 241
202 208
247 222
222 247
222 247
109 186
247 222
139 209
234 227
222 247
247 222
235 109
235 181
109 181
109 186
109 190
109 235
109 243
222 247
186 109
186 181
186 190
186 235
186 243
247 222
109 186
247 222
208 107
208 141
208 156
208 157
208 172
208 176
208 182
208 203
208 204
208 246
186 109
186 181
186 190
186 235
186 243
186 235
186 109
102 145
169 248
222 247
104 139
247 222
139 209
231 190
169 111
121 217
222 247
204 156
121 189
121 217
208 219
222 131
137 130
125 222
208 173
195 227
195 234
195 238
195 241
227 234
121 217
240 157
217 121
222 125
109 181
109 186
109 235
109 243
186 109
144 133
231 190
110 174
231 190
102 152
240 107
240 198
222 233
125 222
182 107
182 180
182 208
222 125
222 233
109 181
109 186
109 235
109 243
222 125
231 126
231 190
208 107
208 141
208 156
208 157
208 172
208 173
208 176
208 182
208 203
208 204
208 246
138 132
138 165
138 166
138 184
138 209
150 134
150 145
150 153
150 177
150 188
150 223
150 205
205 150
173 208
128 230
128 113
173 141
173 156
173 157
173 172
173 182
173 203
173 204
173 208
173 246
150 145
150 153
150 177
222 247
222 247
173 208
222 247
107 240
109 181
109 186
109 197
109 206
109 243
165 229
217 121
217 150
217 158
231 206
231 222
231 247
206 126
195 227
195 234
195 238
195 241
195 227
195 234
195 238
195 241
234 227
206 222
206 231
206 235
206 247
121 194
240 107
217 121
198 240
206 181
206 235
217 121
247 222
190 231
229 167
206 181
206 186
206 197
206 235
186 206
222 233
222 233
222 247
222 247
222 206
222 231
222 235
222 247
206 222
240 198
198 173
195 134
234 195
234 227
234 238
234 241
241 234
110 174
222 131
109 181
109 186
109 190
109 235
109 243
248 169
110 174
105 161
158 121
158 121
231 222
222 125
222 186
222 235
222 247
186 222
195 134
195 227
110 174
221 193
105 165
121 158
121 217
125 222
125 235
158 121
158 107
158 121
158 131
158 235
173 208
138 132
138 165
138 166
138 184
138 209
222 125
152 102
125 222
222 125
222 125
173 208
173 208
173 156
173 157
173 172
173 176
173 182
173 198
173 204
173 208
173 246
222 125
222 235
125 222
222 125
125 222
222 125
222 125
222 235
222 247
110 174
222 247
125 222
222 125
235 125
235 109
235 158
235 206
235 243
222 247
222 186
222 206
222 247
222 235
205 106
205 106
103 110
103 174
103 110
103 174
193 135
189 144
133 189
165 105
231 222
223 153
173 141
173 156
173 157
173 172
173 176
173 182
173 203
173 204
173 208
173 246
206 186
206 222
206 247
222 186
222 206
222 247
247 186
186 247
217 121
217 189
247 222
132 165
109 243
189 121
189 217
217 121
217 189
222 247
235 206
247 222
153 223
222 247
222 247
135 204
247 222
222 247
186 222
186 235
186 247
116 176
222 125
222 235
195 134
235 206
132 165
222 247
157 208
158 121
128 110
128 113
128 148
208 157
208 182
208 203
208 173
222 247
217 121
222 131
222 231
131 222
131 231
134 189
183 127
184 105
184 166
184 209
178 186
178 222
178 235
178 247
206 222
206 235
206 247
113 187
173 193
172 132
172 146
222 233
229 104
229 139
229 139
113 230
247 222
117 171
128 110
128 113
128 148
247 222
233 247
222 247
222 247
247 222
105 184
178 206
222 247
247 222
222 247
222 247
109 197
247 222
247 222
138 132
138 165
138 166
138 184
138 209
181 197
197 109
247 235
235 247
109 197
247 235
235 247
188 189
188 233
188 249
173 208
158 121
158 217
158 249
113 230
222 247
222 247
102 133
222 247
189 218
189 227
108 147
222 247
195 227
195 234
195 238
195 241
109 181
109 186
109 197
109 235
109 243
198 107
198 240
247 222
158 121
109 181
181 197
181 206
144 189
234 183
130 192
131 222
222 247
186 235
186 247
147 108
108 147
222 131
222 231
147 108
108 147
222 247
131 222
147 108
247 222
173 138
173 193
204 193
131 125
131 231
131 235
144 127
130 192
150 217
222 247
222 247
222 233
144 198
247 222
208 182
208 203
247 222
144 127
189 107
189 134
222 247
235 247
234 195
234 227
234 238
234 241
181 235
190 126
190 181
190 206
247 222
222 247
222 131
222 247
208 157
222 247
247 222
247 222
247 222
135 193
135 204
247 222
234 195
234 227
234 238
234 241
181 235
181 243
222 125
222 231
238 227
106 133
193 138
193 173
138 166
138 166
157 208
134 189
221 193
221 193
186 235
204 156
204 135
247 181
138 132
138 165
138 166
138 184
138 209
181 247
251 226
222 231
222 247
222 231
222 247
175 134
222 131
222 231
222 247
225 143
158 121
247 181
189 177
110 174
110 174
205 226
121 158
135 193
108 147
135 115
135 162
222 247
222 131
222 247
222 247
231 222
181 186
181 197
222 247
133 189
190 109
125 222
198 107
247 222
247 222
231 190
222 247
247 222
222 247
222 247
231 190
109 206
231 186
231 247
208 107
208 141
208 156
208 157
208 172
208 176
208 182
208 203
208 204
208 246
231 190
165 132
131 222
204 182
204 141
110 174
138 132
138 165
138 166
138 184
138 209
190 231
227 134
227 194
128 219
144 107
196 103
116 176
116 208
165 132
165 166
231 125
231 190
231 243
102 189
116 176
116 208
102 189
125 131
125 222
125 233
169 104
169 111
169 139
169 167
169 229
189 102
189 102
248 169
206 181
206 197
181 197
181 206
181 235
139 169
113 128
113 148
113 230
153 133
222 125
222 131
222 233
116 176
158 121
158 217
172 176
147 108
241 132
241 165
108 147
241 132
241 165
129 140
129 159
109 131
109 181
109 190
109 197
109 206
166 105
166 132
166 165
166 184
166 209
208 173
113 128
113 148
113 230
205 226
205 226
113 128
113 230
240 198
190 231
175 127
187 148
138 132
138 165
138 166
138 184
138 209
190 231
190 231
138 132
138 165
138 166
138 184
138 209
110 174
231 190
231 190
110 174
130 192
188 102
188 133
188 150
188 153
188 177
188 189
188 218
188 233
188 249
241 132
241 165
189 102
116 169
198 240
206 181
206 186
206 197
206 235
206 181
206 235
206 181
158 217
198 107
198 144
198 157
103 110
190 231
149 115
132 165
193 138
193 173
193 112
193 135
129 140
129 164
217 121
217 150
217 158
158 217
190 231
158 217
231 190
231 125
175 144
121 217
231 222
105 145
105 189
131 109
131 231
131 235
231 190
177 133
121 217
121 217
121 158
190 231
208 173
121 217
125 131
125 233
173 141
173 156
173 157
173 172
173 176
173 182
173 203
173 204
173 208
173 246
166 132
109 243
109 181
109 197
231 190
231 222
231 247
189 150
231 222
227 238
184 132
139 169
173 138
172 203
158 121
166 132
165 132
206 109
206 181
206 186
206 197
190 181
138 132
138 165
138 166
138 184
138 209
134 189
193 112
193 111
193 117
193 139
193 167
193 169
193 171
193 229
193 248
193 250
190 222
190 231
190 247
166 132
189 225
165 132
189 225
178 109
192 219
241 132
241 165
241 132
241 165
121 158
198 240
125 233
190 109
190 126
190 181
190 186
190 235
190 243
190 231
130 159
178 206
147 108
108 147
230 128
241 132
241 165
121 158
117 169
189 225
241 195
241 234
241 238
189 121
189 150
231 233
165 132
150 189
166 132
231 125
121 189
227 238
121 249
121 158
158 121
158 121
158 150
158 217
218 249
227 238
178 206
138 132
138 165
138 166
138 184
138 209
121 249
230 128
128 113
121 217
166 132
172 203
249 218
189 121
121 189
121 150
121 189
130 159
130 194
192 130
151 225
151 194
121 150
121 217
197 109
172 176
172 182
172 204
150 133
150 145
150 153
150 189
150 218
150 233
150 249
229 111
229 139
229 169
166 132
150 189
169 229
144 227
226 189
173 141
173 156
173 157
173 172
173 176
173 182
173 203
173 204
173 208
173 246
248 143
109 181
109 197
109 206
109 235
109 243
206 181
113 110
206 181
206 186
206 197
206 235
241 132
241 165
158 206
166 132
193 138
193 173
193 112
193 135
193 156
193 204
125 233
231 190
138 132
138 165
138 166
138 184
138 209
125 222
113 110
110 113
158 217
158 121
125 222
125 233
158 217
189 208
175 144
175 227
189 226
120 113
115 101
189 225
150 106
150 133
150 153
208 189
193 111
193 169
190 231
197 109
197 181
197 206
197 235
197 243
119 168
121 158
125 145
125 177
125 233
231 125
231 222
231 233
226 189
158 217
193 173
222 109
222 181
222 247
158 217
190 231
166 132
168 189
249 145
174 110
190 231
121 217
193 173
189 226
189 226
103 110
103 110
226 189
217 121
198 240
166 132
166 165
121 217
117 171
189 107
189 124
189 133
189 145
189 147
189 151
189 165
189 172
189 194
189 208
189 210
189 218
189 225
189 226
189 229
189 249
166 165
166 184
166 209
181 186
181 197
181 206
147 108
181 235
181 186
198 107
198 107
165 132
165 166
165 209
197 206
166 111
109 197
166 132
186 125
107 208
144 107
208 107
107 182
107 246
231 125
231 243
243 231
231 243
181 125
166 132
181 109
131 125
131 222
131 233
193 112
193 135
190 231
246 135
168 119
109 206
110 230
121 217
121 134
192 130
193 135
165 209
234 134
234 175
234 227
128 113
110 113
166 132
202 230
101 115
101 135
101 149
101 161
101 162
206 181
206 197
116 151
186 181
186 235
197 109
121 216
251 134
151 116
181 186
125 222
109 131
206 231
206 235
125 131
197 181
231 206
206 231
121 134
198 240
121 158
109 181
158 121
206 231
206 235
231 247
235 109
235 181
235 186
235 197
235 206
235 243
158 217
158 150
158 121
158 217
229 111
229 139
229 169
158 121
158 217
158 217
121 158
125 222
166 132
158 121
125 222
181 109
181 197
181 206
181 235
186 181
186 190
186 178
186 181
186 190
186 231
186 235
186 243
186 181
186 181
186 190
166 132
116 168
199 111
199 135
199 141
199 204
199 208
199 225
199 246
234 195
234 238
234 241
181 125
181 235
198 107
198 107
203 143
203 176
203 246
175 131
198 240
198 244
189 143
246 143
246 176
246 203
126 181
126 197
151 143
198 244
189 107
189 124
189 130
189 133
189 147
189 151
189 165
189 168
189 172
189 194
189 202
189 208
189 210
189 218
189 219
189 225
189 226
189 229
206 181
206 197
206 235
246 199
131 175
198 107
198 244
116 119
116 168
173 138
173 193
193 138
193 173
234 144
144 234
173 138
173 193
240 198
240 198
198 107
198 240
198 244
198 244
165 132
165 166
244 198
173 138
138 173
251 226
166 132
198 107
198 244
166 132
107 198
121 128
121 230
226 189
198 107
198 240
206 181
206 186
206 197
206 235
143 189
128 230
206 181
235 181
235 197
235 206
128 113
121 130
130 121
121 130
121 158
226 189
194 134
134 194
196 103
130 121
196 110
196 110
197 109
197 181
197 235
121 130
121 158
121 124
173 193
166 105
166 105
121 124
121 134
121 216
121 194
124 121
181 197
130 121
135 204
190 125
158 107
158 121
158 206
158 235
181 235
181 235
181 235
181 235
181 235
178 181
178 243
240 144
240 198
223 133
223 145
223 150
223 153
223 177
223 188
223 218
223 233
223 249
235 181
247 222
247 233
126 181
129 124
125 222
193 112
193 135
166 248
173 138
173 193
248 166
166 248
193 138
193 173
173 138
173 193
224 196
181 197
181 235
121 158
121 124
121 194
103 224
103 224
189 134
246 157
107 198
186 181
186 190
186 235
186 243
169 111
169 139
169 229
132 165
135 112
135 193
158 121
135 193
135 204
193 135
173 138
181 125
173 193
241 195
158 121
251 124
205 106
121 158
121 217
101 189
219 128
219 202
219 210
219 230
240 198
125 235
241 132
241 165
226 189
205 189
189 145
189 188
189 226
189 188
173 193
222 125
222 247
193 173
241 234
124 121
217 121
150 121
226 134
125 235
234 195
234 238
234 227
113 230
175 134
181 197
181 206
226 189
193 138
193 173
121 150
130 121
121 158
235 125
235 109
194 134
206 247
206 181
206 186
206 197
206 235
206 181
206 186
158 121
235 181
189 143
221 193
194 124
194 151
124 194
194 124
205 189
190 125
190 131
190 222
198 107
193 138
193 173
189 134
181 235
181 235
143 179
175 106
177 217
244 198
238 234
205 189
189 145
222 233
175 134
181 235
190 231
208 107
208 141
208 156
208 157
208 172
208 176
208 182
208 203
208 204
208 246
234 134
125 231
125 235
222 125
181 235
190 231
208 107
208 116
208 168
227 234
234 134
134 234
234 194
116 208
206 181
110 224
189 188
222 125
109 181
109 206
189 101
189 107
189 121
189 165
189 168
189 172
189 194
189 208
189 225
189 229
227 234
234 227
234 128
234 134
234 175
234 194
234 227
234 230
234 238
190 126
206 181
206 186
206 197
206 235
206 181
109 181
109 206
222 125
222 131
222 231
222 233
222 235
222 247
244 198
190 125
190 233
244 198
195 189
173 193
244 198
173 138
189 195
189 218
189 226
226 189
189 225
195 189
109 131
109 181
109 222
181 109
181 206
222 109
222 131
222 181
181 109
181 131
181 222
181 235
222 109
222 131
222 181
222 235
181 109
109 131
109 181
109 222
222 109
190 231
109 181
109 206
109 181
218 189
194 124
194 134
194 151
194 234
194 251
234 194
251 194
125 222
222 125
125 235
189 218
205 189
193 112
112 193
189 133
189 205
205 189
205 189
205 189
189 226
