11 14 42 44 51 58 69 78 103 119 123 126 139 162 193 211 220 223 244 248 249 255 285 308 314 325 332 348 352 353 361 374 386 394 398 409 412 416 429 439 440 447 451 464 477 498 505 525 530 550 559 574 577 596 598 610 622 626 627 637 640 642 655 665 667 671 675 677 698 699 714 718 755 763 782 814 825 840 844 856 857 858 865 866 868 870 876 897 921 929 933 937 953 959 969 976 988 990 997
5 6 19 20 26 52 79 88 95 96 111 125 148 158 168 171 206 234 268 322 328 377 481 482 507 511 515 517 540 545 585 594 643 644 645 646 661 708 728 752 768 796 808 816 822 829 845 884 908 915 920 922 989 998
3 9 31 35 41 47 65 97 136 142 143 153 159 180 190 212 215 231 253 305 313 317 327 342 345 380 391 408 414 424 426 432 437 456 468 483 488 508 539 569 575 586 591 592 597 599 604 608 620 625 628 634 653 662 682 683 689 706 717 726 740 766 776 788 801 833 836 854 859 860 875 887 895 899 900 904 919 926 928 930 935 940 943 951 952 961 964 973 978 991 994 995 999
13 24 30 67 116 134 140 154 167 169 178 182 204 225 228 232 252 254 256 266 272 284 321 388 397 400 422 427 428 460 489 506 528 536 558 638 649 658 703 707 711 724 729 732 746 757 767 819 823 826 828 831 863 890 905 912 923 932 934 938 950 960 975 996
68 74 106 113 115 202 279 283 286 287 289 329 335 337 340 343 346 356 376 387 425 433 442 466 514 534 544 561 582 654 659 690 761 764 787 809 837 846 851 861 878 889 907 910 916 927 931 939 966 977 992 993
15 22 49 60 133 146 192 209 245 297 310 369 375 396 461 465 469 504 537 612 639 656 657 705 748 769 798 813 818 864 869 873 892 894 906 917 918 957 958 962 965 982 986
8 27 29 33 37 40 46 66 77 93 137 165 170 179 224 258 267 273 303 351 371 372 385 389 423 436 457 479 484 485 521 549 555 565 567 579 589 603 607 613 615 621 668 691 692 697 720 721 737 742 744 745 749 759 771 803 815 830 834 841 850 877 883 886 893 896 898 902 903 948 970 974 979 981 983 985 987 1000
23 32 36 64 73 82 83 87 98 107 120 188 203 214 257 259 281 292 293 315 360 362 382 404 421 435 448 472 473 475 492 494 502 509 513 519 538 546 548 553 564 568 573 623 630 636 650 663 681 702 715 716 736 738 750 765 772 775 780 783 791 800 806 817 839 843 855 880 881 891 901 909 913 914 941 942 944 945 946 949 954 955 963 967 972 980 984
12 16 38 57 59 81 100 114 131 144 151 175 177 181 185 198 218 221 227 229 239 261 274 309 324 336 339 381 383 444 452 480 490 497 526 551 552 563 571 576 581 588 602 609 632 633 674 678 684 695 700 701 730 731 734 754 756 758 778 781 785 797 804 810 847 852 853 867 871 882 888 911 936 956 971
110 124 141 201 241 264 270 282 296 373 407 419 491 512 518 543 580 648 666 673 727 735 741 747 751 790 811 821 824 842 872 874
152 166 236 251 338 349 379 395 406 410 420 430 501 523 542 556 562 593 606 641 669 723 760 779 795 805 820 832 848 849
7 108 207 226 276 299 326 363 365 378 462 486 499 516 614 619 629 651 687 693 704 712 739 784 789 794 799 812
2 55 61 62 89 122 128 160 247 269 304 318 364 390 441 476 503 510 587 611 660
1 34 75 156 164 184 219 298 355 401 411 527 529 531 547 557
10 63 80 94 101 145 173 186 187 191 210 216 222 246 260 278 316 347 357 359 367 471 532 590 600 635 672 676 680 709 770 786 793 802 807 862 885 924 925 947 968
70 72 90 147 150 183 205 208 230 262 323 415 458 495 533 572 583 584 617 618 670 713 725 743
4 21 76 104 121 135 172 200 237 275 405 438 443 459 478 493 554
50 91 129 161 217 235 238 290 311 312 344 392
25 43 45 54 85 99 265 288 291 319 330 334 402 403 417 454 463 566 601 652 664 694 753 774
28 71 84 132 149 155 213 242 280 294 301 320 358
17 86 109 117 189 240 250 263 295 306 399 449 470 500 541
105 118 243 271 300 368 393 413 450 453 467 535 570 578 616 624 631 647 679 685 719
48 53 157 163 194 302 307 354 366 370 418 487 496 522 524 560 595 605 686 688 696 710 722 733 762 773 777 792 827 835 838 879
39 56 102 127 138 196 199 277 331 333 445 446 455 474
18 92 112 130 174 176 195 197 233 341 350 384 431 434 520
